SPIELER,21_09_01,21_09_12,21_09_16,21_09_25,21_10_02,21_10_06
Felder Gabriel,0.0,66.0,0.0,75.0,33.0,100.0
Dähler Jonas,0.0,100.0,100.0,0.0,0.0,75.0
Guignet Damien,100.0,0.0,100.0,50.0,83.0,0.0
Huwyler Stefan,0.0,0.0,0.0,0.0,0.0,0.0
Lüthi Dario,0.0,0.0,0.0,0.0,100.0,0.0
Linder Luca,50.0,0.0,100.0,,0.0,0.0
Schwab Yannick,50.0,80.0,0.0,75.0,66.0,100.0
Delhees Ron,44.0,40.0,60.0,80.0,25.0,57.0
Gruber Nino,0.0,75.0,66.0,100.0,60.0,75.0
Wick Flavio,0.0,0.0,0.0,0.0,0.0,0.0
Sorgen Janick,50.0,0.0,33.0,50.0,0.0,0.0
Winkler Marc,0.0,0.0,0.0,0.0,0.0,0.0
Chernov Ivan,0.0,0.0,66.0,30.0,0.0,0.0
von Deschwanden Lukas,100.0,50.0,33.0,71.0,50.0,45.0
Dannmeyer Max,25.0,66.0,0.0,60.0,50.0,0.0
Suter Nicolas,40.0,100.0,91.0,66.0,85.0,71.0
