SPIELER,20_09_12,20_09_19,20_10_11,20_10_17,21_04_10,21_04_17,21_04_25,21_05_01,21_05_02
Hodler Fynn,0.0,0.0,0.0,0.0,0.0,0.0,0.0,0.0,0.0
Marthaler Ivan,57.0,25.0,0.0,33.0,40.0,100.0,60.0,20.0,50.0
Neiger Dominic,33.0,50.0,33.0,28.0,33.0,66.0,75.0,42.0,60.0
Frischknecht Lasse,50.0,46.0,50.0,25.0,85.0,25.0,40.0,0.0,80.0
Karlen Laurent,66.0,66.0,55.0,,25.0,50.0,40.0,25.0,60.0
Caviezel Tim,,66.0,66.0,50.0,80.0,50.0,0.0,66.0,80.0
Knöri Niklas,,,,,0.0,0.0,37.0,100.0,66.0
Salinovic Gabriel,100.0,33.0,80.0,,,0.0,,100.0,33.0
Lehmann David,,,,0.0,0.0,,,,
Liechti Björn,,80.0,25.0,,,50.0,0.0,0.0,100.0
Hunziker Julian,66.0,50.0,60.0,90.0,50.0,85.0,60.0,58.0,100.0
Utz Fynn,,50.0,,80.0,,,,,
Dähler Nicolas,0.0,0.0,80.0,62.0,0.0,50.0,75.0,50.0,66.0
Caspar Simon,50.0,,,100.0,0.0,,,80.0,66.0
Lüthi Flurin,100.0,50.0,0.0,,50.0,100.0,0.0,,
Leuenberger Timon,0.0,0.0,0.0,0.0,0.0,0.0,0.0,0.0,0.0
Kuonen Kian,100.0,,0.0,,,,,,
Waber Gian,25.0,0.0,50.0,75.0,90.0,30.0,25.0,22.0,50.0
