SPIELER,17_08_23,17_08_30,17_09_13,17_09_16,17_09_23,17_09_30,17_10_04,17_10_11,17_10_14,17_11_02,17_11_12,17_11_15,17_11_22,17_12_02,17_12_07,17_12_16,18_02_01,18_02_03,18_02_07,18_02_14,18_02_17,18_02_22,18_02_28,18_03_07,18_03_10,18_03_16,18_03_18,18_03_21,18_03_24,18_03_28,18_04_11,18_04_22,18_04_25,18_04_28,18_05_12,18_05_15,18_05_18,18_05_21
Caspar Roman,25.0,50.0,33.0,0.0,70.0,11.0,0.0,0.0,71.0,57.0,0.0,50.0,100.0,100.0,57.0,50.0,25.0,25.0,75.0,0.0,33.0,0.0,0.0,57.0,60.0,100.0,0.0,0.0,66.0,0.0,50.0,0.0,0.0,0.0,50.0,0.0,66.0,100.0
Christinat Joël,,,,,,,100.0,,,,,,,,,,,,,,,,,,,,,,,,,,,,,,,
Rubin Lenny,75.0,50.0,72.0,53.0,0.0,0.0,75.0,63.0,87.0,71.0,75.0,66.0,85.0,50.0,81.0,50.0,60.0,54.0,50.0,60.0,70.0,54.0,70.0,,66.0,60.0,66.0,55.0,33.0,63.0,75.0,70.0,46.0,66.0,33.0,53.0,57.0,41.0
Dähler Jonas,,0.0,,,0.0,,,,,,0.0,100.0,100.0,50.0,60.0,83.0,50.0,0.0,71.0,66.0,100.0,100.0,100.0,0.0,50.0,80.0,57.0,66.0,66.0,66.0,66.0,100.0,50.0,91.0,50.0,50.0,63.0,50.0
Krainer Sven,66.0,71.0,100.0,33.0,50.0,80.0,66.0,37.0,50.0,40.0,60.0,50.0,20.0,66.0,100.0,0.0,0.0,75.0,33.0,0.0,66.0,0.0,50.0,50.0,100.0,0.0,100.0,0.0,50.0,100.0,0.0,100.0,0.0,100.0,0.0,0.0,100.0,0.0
Wick Flavio,0.0,0.0,0.0,0.0,0.0,0.0,100.0,0.0,100.0,0.0,0.0,0.0,66.0,0.0,0.0,100.0,0.0,0.0,0.0,0.0,0.0,0.0,0.0,0.0,0.0,0.0,0.0,0.0,0.0,0.0,100.0,0.0,0.0,100.0,0.0,0.0,0.0,0.0
Winkler Marc,0.0,0.0,0.0,0.0,0.0,100.0,0.0,0.0,0.0,0.0,0.0,0.0,0.0,0.0,0.0,0.0,0.0,0.0,0.0,0.0,0.0,0.0,0.0,0.0,0.0,0.0,0.0,0.0,0.0,0.0,0.0,0.0,0.0,0.0,0.0,0.0,0.0,0.0
Lanz Thomas,83.0,50.0,100.0,66.0,0.0,57.0,66.0,71.0,0.0,0.0,100.0,100.0,80.0,50.0,0.0,33.0,100.0,50.0,50.0,0.0,0.0,0.0,100.0,100.0,100.0,0.0,0.0,50.0,0.0,100.0,71.0,33.0,0.0,50.0,0.0,0.0,0.0,100.0
Raemy Nicolas,,,,,,,,,,,,,,,,,,33.0,0.0,42.0,50.0,,,60.0,100.0,62.0,60.0,33.0,57.0,0.0,83.0,33.0,55.0,100.0,42.0,75.0,71.0,50.0
Sorgen Janick,,,,,,,,,,,,,,,,,,,,,,,,,,,,,,0.0,100.0,0.0,0.0,100.0,,0.0,0.0,0.0
Manse Cedric,,,,,,,0.0,,,,,,,,,,,,,,,,,,,,,,,,,,,,,,,
Glatthard Viktor,0.0,0.0,0.0,100.0,100.0,0.0,50.0,0.0,0.0,0.0,0.0,50.0,50.0,33.0,50.0,0.0,0.0,100.0,0.0,50.0,0.0,60.0,0.0,0.0,0.0,0.0,0.0,0.0,25.0,0.0,75.0,0.0,100.0,0.0,0.0,0.0,0.0,100.0
Linder Luca,,0.0,100.0,,0.0,,,,0.0,66.0,0.0,0.0,,100.0,,,80.0,0.0,75.0,100.0,66.0,0.0,,50.0,100.0,100.0,100.0,57.0,100.0,100.0,,50.0,75.0,33.0,66.0,50.0,0.0,66.0
von Deschwanden Lukas,75.0,72.0,66.0,88.0,70.0,0.0,,,,,77.0,80.0,45.0,69.0,60.0,52.0,70.0,64.0,81.0,54.0,80.0,60.0,62.0,81.0,55.0,50.0,50.0,100.0,0.0,75.0,66.0,66.0,83.0,100.0,71.0,25.0,75.0,60.0
Suter Nicolas,75.0,100.0,100.0,83.0,75.0,83.0,88.0,70.0,80.0,40.0,75.0,33.0,66.0,75.0,33.0,33.0,33.0,0.0,100.0,50.0,0.0,50.0,66.0,16.0,100.0,33.0,83.0,50.0,77.0,28.0,75.0,0.0,40.0,50.0,33.0,85.0,25.0,25.0
Friedli Reto,66.0,66.0,0.0,100.0,100.0,100.0,75.0,0.0,50.0,75.0,100.0,0.0,66.0,0.0,100.0,100.0,100.0,66.0,100.0,100.0,100.0,50.0,0.0,0.0,66.0,0.0,75.0,50.0,33.0,100.0,100.0,80.0,75.0,0.0,0.0,50.0,100.0,100.0
Huwyler Stefan,50.0,100.0,0.0,100.0,100.0,0.0,0.0,0.0,80.0,100.0,50.0,,,0.0,100.0,0.0,100.0,0.0,0.0,0.0,0.0,100.0,0.0,100.0,100.0,0.0,33.0,0.0,100.0,,,,,,,,,
Guignet Damien,0.0,0.0,0.0,,0.0,0.0,100.0,0.0,100.0,0.0,0.0,0.0,100.0,100.0,100.0,0.0,0.0,0.0,0.0,0.0,0.0,0.0,75.0,100.0,0.0,0.0,100.0,0.0,66.0,100.0,100.0,0.0,0.0,66.0,0.0,0.0,33.0,0.0
Felder Gabriel,,100.0,25.0,,50.0,,66.0,0.0,,66.0,,66.0,,,,,,,,,,,0.0,,,,,,,,,,,,,,,
Giovanelli Marco,0.0,66.0,62.0,33.0,50.0,62.0,20.0,50.0,33.0,100.0,0.0,0.0,33.0,100.0,0.0,0.0,60.0,0.0,100.0,0.0,50.0,50.0,50.0,83.0,0.0,0.0,25.0,100.0,0.0,0.0,0.0,100.0,0.0,50.0,0.0,0.0,0.0,0.0
Gruber Nino,,,,,,,0.0,,,,,,,,60.0,,,,,,,,100.0,,,,,,,,,,,,,,,
