SPIELER,17_08_23,17_08_30,17_09_13,17_09_16,17_09_23,17_09_30,17_10_04,17_10_11,17_10_14,17_11_02,17_11_12,17_11_15,17_11_22,17_12_02,17_12_07,17_12_16,18_02_01,18_02_03,18_02_07,18_02_14,18_02_17,18_02_22,18_02_28,18_03_07,18_03_10,18_03_16,18_03_18,18_03_21,18_03_24,18_03_28,18_04_11,18_04_22,18_04_25,18_04_28,18_05_12,18_05_15,18_05_18,18_05_21
Caspar Roman,0,0,0,0,0,0,0,0,0,0,0,0,0,0,0,0,0,0,0,0,0,0,0,0,0,0,0,0,0,0,0,0,0,0,0,0,0,0
Christinat Joël,,,,,,,0,,,,,,,,,,,,,,,,,,,,,,,,,,,,,,,
Rubin Lenny,2/2,0,1/1,0,0,0,0,0/1,0,2/2,0,0,0,0,0,0,1/2,1/1,0/1,1/2,0,0,0,,0,2/2,0,0,0/1,0,0,0,0,0,0,3/4,0,0
Dähler Jonas,,0,,,0,,,,,,0,0,0,0,0,0,0,0,0,0,0,0,0,0,0,0,0,0,0,0,0,0,0,0,0,0,0,0
Krainer Sven,0,0,0,0,0,0,0,0,0,0,0,0,0,0,0,0,0,0,0,0,0,0,0,0,0,0,0,0,0,0,0,0,0,0,0,0,0,0
Wick Flavio,0,0,0,0,0,0,0,0,0,0,0,0,0,0,0,0,0,0,0,0,0,0,0,0,0,0,0,0,0,0,0,0,0,0,0,0,0,0
Winkler Marc,0,0,0,0,0,0,0,0,0,0,0,0,0,0,0,0,0,0,0,0,0,0,0,0,0,0,0,0,0,0,0,0,0,0,0,0,0,0
Lanz Thomas,0,0,0,0,0,0,0,0,0,0,0,0,0,0,0,0,0,0,0,0,0,0,0,0,0,0,0,0,0,0,0,0,0,0,0,0,0,0
Raemy Nicolas,,,,,,,,,,,,,,,,,,0,0,0,0,,,0,0,0,0,0,0,0,0,0,0,0,0,0,0,0
Sorgen Janick,,,,,,,,,,,,,,,,,,,,,,,,,,,,,,0,0,0,0,0,,0,0,0
Manse Cedric,,,,,,,0,,,,,,,,,,,,,,,,,,,,,,,,,,,,,,,
Glatthard Viktor,0,0,0,0,0,0,0,0,0,0,0,0,0,0,0,0,0,0,0,0,0,0,0,0,0,0,0,0,0,0,0,0,0,0,0,0,0,0
Linder Luca,,0,0,,0,,,,0,0,0,0,,0,,,0,0,0,0,0,0,,0,0,0,0,0,0,0,,0,0,0,0,0,0,0
von Deschwanden Lukas,1/1,4/5,4/4,5/5,3/4,0,,,,,1/1,4/6,2/2,5/5,1/2,2/2,0/1,2/3,5/6,0/2,3/3,3/3,2/2,4/4,4/5,2/4,2/3,5/5,0,2/2,2/3,4/4,2/3,4/4,5/6,0/1,1/1,0/1
Suter Nicolas,0,1/1,0,0,0,3/3,2/2,2/2,2/2,0/1,0,0/1,0,0,0,0,0,0,0,0,0,0,0,0/1,0,0,0,0,2/3,0,0,0,0,0/1,0,0,0,0
Friedli Reto,0,0,0,0,0,0,0,0,0,0,0,0,0,0,0,0,0,0,0,0,0,0,0,0,0,0,0,0,0,0,0,0,0,0,0,0,0,0
Huwyler Stefan,0,0,0,0,0,0,0,0,0,0,0,,,0,0,0,0,0,0,0,0,0,0,0,0,0,0,0,0,,,,,,,,,
Guignet Damien,0,0,0,,0,0,1/1,0,0,0,0,0,0,0,0,0,0,0,0,0,0,0,0,0,0,0,0,0,0,0,0,0,0,0,0,0,0,0
Felder Gabriel,,0,0,,0,,0,0,,0,,0,,,,,,,,,,,0,,,,,,,,,,,,,,,
Giovanelli Marco,0,0,0,0,0,0,0,0,0,0,0,0,0,0,0,0,0,0,0,0,0,0,0,0,0,0,0,0,0,0,0,0,0,0,0,0,0,0
Gruber Nino,,,,,,,0,,,,,,,,0,,,,,,,,1/1,,,,,,,,,,,,,,,
