SPIELER,19_08_31,19_09_08,19_09_14,19_09_21,19_10_20,19_11_02,19_11_10,19_11_17,19_11_24,19_12_07,19_12_14,19_12_21,20_01_12,20_01_19,20_01_26,20_02_08,20_02_15,20_02_23,20_03_01
Römer Leandro,50.0,0.0,100.0,50.0,100.0,0.0,0.0,0.0,50.0,100.0,0.0,0.0,0.0,0.0,83.0,100.0,0.0,0.0,66.0
Pena Perez Dave,,,,,,,,,,,,,,0.0,,,,,
Aebi Fabian,,,0.0,50.0,,,,,,,,,50.0,,,,,,0.0
Zahm Justin,,0.0,100.0,,0.0,0.0,,100.0,,,,,33.0,100.0,,100.0,,,
Hermann Janis,,,,,,,0.0,,0.0,0.0,,0.0,0.0,0.0,0.0,,100.0,,
Targise Giuliano,0.0,0.0,,,100.0,100.0,80.0,66.0,75.0,0.0,66.0,100.0,,100.0,50.0,50.0,33.0,0.0,0.0
Römer Flavian,41.0,55.0,61.0,20.0,66.0,45.0,36.0,55.0,71.0,50.0,58.0,60.0,57.0,45.0,50.0,20.0,,75.0,42.0
Gerber Marc,0.0,,,100.0,100.0,,,,,,,,,,,,,,
Baumann Joshua,,0.0,,100.0,,,,,,,,,,,,,,,0.0
Roth Alexander,50.0,100.0,0.0,33.0,100.0,0.0,100.0,25.0,0.0,66.0,60.0,100.0,0.0,66.0,100.0,100.0,100.0,100.0,0.0
Schweizer Micha,0.0,50.0,50.0,20.0,44.0,60.0,40.0,42.0,37.0,50.0,33.0,55.0,66.0,0.0,28.0,50.0,0.0,0.0,100.0
Ebner Leo,,,0.0,,0.0,0.0,,0.0,0.0,0.0,0.0,0.0,0.0,0.0,0.0,0.0,0.0,0.0,0.0
Zuege Jan,33.0,,50.0,,33.0,66.0,0.0,,0.0,,0.0,,,,0.0,,,,
Egger David,,,,0.0,,,,,,100.0,,100.0,,,,,0.0,,
Adamina Lorin,,,,,,0.0,0.0,0.0,100.0,100.0,100.0,33.0,100.0,100.0,0.0,0.0,,0.0,
Stettler Luc,77.0,60.0,40.0,,,,33.0,66.0,80.0,40.0,80.0,66.0,55.0,66.0,37.0,66.0,0.0,75.0,75.0
Rudin Sebastian,0.0,100.0,0.0,50.0,0.0,0.0,,100.0,,,0.0,,,,,0.0,100.0,33.0,0.0
Baumann Yanic,87.0,61.0,75.0,73.0,72.0,60.0,76.0,50.0,53.0,73.0,84.0,58.0,54.0,71.0,25.0,75.0,53.0,60.0,64.0
Hirsch Elias,,,,0.0,,,,,,,,,,,,,75.0,0.0,
Brenzikofer André,0.0,0.0,0.0,0.0,,0.0,0.0,0.0,0.0,0.0,0.0,0.0,0.0,,0.0,0.0,,0.0,
Kiener Nils,50.0,100.0,100.0,0.0,100.0,75.0,50.0,50.0,75.0,40.0,83.0,0.0,66.0,77.0,100.0,66.0,60.0,50.0,44.0
Plüss Thierry,50.0,50.0,50.0,,66.0,0.0,0.0,0.0,0.0,80.0,25.0,50.0,66.0,75.0,100.0,100.0,100.0,50.0,100.0
Schmutz Lukas,0.0,0.0,,0.0,0.0,,0.0,,,,,,,,,,0.0,,0.0
