SPIELER,19_08_31,19_09_08,19_09_14,19_09_21,19_10_20,19_11_02,19_11_10,19_11_17,19_11_24,19_12_07,19_12_14,19_12_21,20_01_12,20_01_19,20_01_26,20_02_08,20_02_15,20_02_23,20_03_01
Römer Leandro,0,0,0,0,0,0,0,0,0,0,0,0,0,0,0,0,0,0,0
Pena Perez Dave,,,,,,,,,,,,,,0,,,,,
Aebi Fabian,,,0,0,,,,,,,,,0,,,,,,0
Zahm Justin,,0,0,,0,0,,0,,,,,0,0,,0,,,
Hermann Janis,,,,,,,0,,0,0,,0,0,0,0,,0,,
Targise Giuliano,0,0,,,0,0,0,0,0,0,0,0,,0,0,0,0,0,0
Römer Flavian,0,0,0,0,0,0,0,0,0,0,0,0,0,0,0,0,,0,0
Gerber Marc,0,,,0,0,,,,,,,,,,,,,,
Baumann Joshua,,0,,0,,,,,,,,,,,,,,,0
Roth Alexander,0,0,0,0,0,0,0,0,0,0,0,0,0,0,0,0,0,0,0
Schweizer Micha,0,0,0,0,0,0,0,0,0,0,0,0,0,0,0,0,0,0,0
Ebner Leo,,,0,,0,0,,0,0,0,0,0,0,0,0,0,0,0,0
Zuege Jan,0,,0,,0,0,0,,0,,0,,,,0,,,,
Egger David,,,,0,,,,,,0,,0,,,,,0,,
Adamina Lorin,,,,,,0,0,0,0,0,0,0,0,0,0,0,,0,
Stettler Luc,1/1,0,0,,,,0,0,0,0/1,0,0,0,0,0,0,0,0,0
Rudin Sebastian,0,0,0,0,0,0,,0,,,0,,,,,0,0,0,0
Baumann Yanic,3/3,1/1,2/2,3/4,2/2,2/3,5/7,0/2,1/2,2/3,3/3,1/1,1/1,2/2,1/1,4/4,2/2,2/4,3/4
Hirsch Elias,,,,0,,,,,,,,,,,,,0,0,
Brenzikofer André,0,0,0,0,,0,0,0,0,0,0,0,0,,0,0,,0,
Kiener Nils,0,0,0,0,0,0,0,0,0,0,0,0,0,0,0,0,0,0,0
Plüss Thierry,0,0,0,,0,0,0,0,0,0,0,0,0,0,0,0,0,0,0
Schmutz Lukas,0,0,,0,0,,0,,,,,,,,,,0,,0
