SPIELER,19_08_31,19_09_08,19_09_21,19_10_12,19_10_20,19_11_02,19_11_10,19_11_16,19_11_24,19_12_07,19_12_14,19_12_21,20_01_12,20_01_19,20_01_26,20_02_08,20_02_15,20_02_23,20_03_01
Karlen Lionel,100.0,33.0,80.0,100.0,0.0,100.0,,33.0,75.0,50.0,100.0,71.0,50.0,60.0,42.0,33.0,83.0,25.0,33.0
Kocher Roman,,,,,,,,,,,,,,0.0,0.0,,,,0.0
Römer Leandro,,,,,,,,,,,,,,,,,,0.0,
Antonietti Claudio,,83.0,42.0,0.0,50.0,20.0,55.0,50.0,80.0,20.0,0.0,66.0,50.0,66.0,60.0,66.0,66.0,0.0,25.0
Römer Flavian,57.0,20.0,,37.0,,50.0,,100.0,0.0,,,,,,,,,0.0,100.0
Hug Sascha,,0.0,0.0,100.0,0.0,,,,0.0,,0.0,,0.0,,,,0.0,,
Kuster Noël,100.0,,,,0.0,0.0,,0.0,0.0,0.0,,0.0,,,0.0,100.0,,,0.0
Chernov Ivan,,33.0,88.0,87.0,66.0,,,54.0,,87.0,50.0,72.0,73.0,88.0,50.0,,,,
Christen Keanu,0.0,100.0,100.0,0.0,0.0,66.0,33.0,0.0,66.0,0.0,50.0,,100.0,0.0,100.0,33.0,0.0,0.0,100.0
Fassmann Cyril,,,,16.0,40.0,60.0,25.0,75.0,0.0,33.0,0.0,0.0,50.0,40.0,60.0,0.0,,0.0,
Dubach Cyrill,0.0,,0.0,,,,0.0,,,,0.0,,,,,,,,
Marti Rouven,0.0,0.0,50.0,,50.0,100.0,40.0,,50.0,0.0,50.0,0.0,,60.0,50.0,60.0,40.0,33.0,14.0
Gerber Alain,0.0,0.0,,,,,0.0,0.0,0.0,0.0,0.0,0.0,0.0,,,,0.0,,0.0
Ebner Leo,,,,,,0.0,,,,,,,,,,,,,
Stettler Nils,40.0,100.0,50.0,100.0,77.0,42.0,33.0,25.0,50.0,66.0,100.0,33.0,100.0,71.0,20.0,60.0,100.0,83.0,75.0
Wolf Patrick,33.0,,,,,,50.0,,,,,0.0,,,,,0.0,,
Stettler Jan,83.0,33.0,55.0,16.0,30.0,28.0,31.0,62.0,,80.0,60.0,36.0,42.0,42.0,0.0,41.0,75.0,60.0,20.0
Baumann Yanic,100.0,,0.0,,,,50.0,,0.0,,,,0.0,,,25.0,100.0,100.0,25.0
Brenzikofer André,,,0.0,0.0,0.0,0.0,,,,,,,0.0,0.0,0.0,0.0,,0.0,
Schöni Gregory,100.0,33.0,83.0,33.0,66.0,70.0,0.0,0.0,40.0,33.0,50.0,100.0,0.0,25.0,100.0,0.0,60.0,63.0,66.0
Neuenschwander Dominic,80.0,50.0,0.0,66.0,,0.0,66.0,33.0,,0.0,100.0,0.0,50.0,100.0,0.0,0.0,0.0,33.0,0.0
Zuege Tim,,0.0,,0.0,0.0,,,0.0,0.0,0.0,,100.0,,,,0.0,0.0,0.0,
Recher Jan,100.0,40.0,66.0,71.0,66.0,85.0,60.0,100.0,100.0,62.0,90.0,60.0,60.0,83.0,66.0,25.0,100.0,60.0,75.0
