SPIELER,19_08_31,19_09_08,19_09_21,19_10_12,19_10_20,19_11_02,19_11_10,19_11_16,19_11_24,19_12_07,19_12_14,19_12_21,20_01_12,20_01_19,20_01_26,20_02_08,20_02_15,20_02_23,20_03_01
Karlen Lionel,0.0,0.0,2.0,0.0,0.0,1.0,,1.0,0.0,0.0,0.0,1.0,0.0,1.0,0.0,2.0,0.0,2.0,0.0
Kocher Roman,,,,,,,,,,,,,,0.0,0.0,,,,0.0
Römer Leandro,,,,,,,,,,,,,,,,,,0.0,
Antonietti Claudio,,3.0,2.0,0.0,3.0,3.0,2.0,2.0,3.0,4.0,1.0,2.0,5.0,0.0,1.0,2.0,2.0,3.0,2.0
Römer Flavian,1.0,1.0,,2.0,,2.0,,4.0,2.0,,,,,,,,,0.0,2.0
Hug Sascha,,0.0,0.0,0.0,0.0,,,,0.0,,0.0,,0.0,,,,0.0,,
Kuster Noël,0.0,,,,1.0,0.0,,0.0,0.0,0.0,,0.0,,,1.0,0.0,,,0.0
Chernov Ivan,,4.0,0.0,3.0,2.0,,,0.0,,1.0,2.0,3.0,3.0,1.0,3.0,,,,
Christen Keanu,0.0,0.0,0.0,0.0,1.0,0.0,2.0,0.0,1.0,0.0,0.0,,0.0,0.0,1.0,1.0,0.0,1.0,1.0
Fassmann Cyril,,,,0.0,0.0,1.0,2.0,1.0,3.0,4.0,0.0,1.0,1.0,1.0,2.0,0.0,,0.0,
Dubach Cyrill,0.0,,0.0,,,,0.0,,,,1.0,,,,,,,,
Marti Rouven,1.0,1.0,2.0,,0.0,0.0,2.0,,3.0,1.0,3.0,0.0,,1.0,1.0,1.0,0.0,0.0,2.0
Gerber Alain,1.0,0.0,,,,,1.0,0.0,0.0,1.0,0.0,0.0,0.0,,,,1.0,,1.0
Ebner Leo,,,,,,0.0,,,,,,,,,,,,,
Stettler Nils,4.0,0.0,1.0,1.0,0.0,0.0,0.0,1.0,1.0,1.0,1.0,1.0,1.0,0.0,1.0,0.0,1.0,0.0,1.0
Wolf Patrick,0.0,,,,,,0.0,,,,,0.0,,,,,1.0,,
Stettler Jan,0.0,2.0,5.0,2.0,2.0,2.0,4.0,0.0,,7.0,1.0,2.0,6.0,0.0,2.0,2.0,1.0,2.0,5.0
Baumann Yanic,0.0,,0.0,,,,0.0,,3.0,,,,0.0,,,2.0,0.0,2.0,3.0
Brenzikofer André,,,0.0,0.0,0.0,0.0,,,,,,,0.0,0.0,0.0,0.0,,0.0,
Schöni Gregory,2.0,1.0,0.0,3.0,0.0,0.0,0.0,1.0,3.0,1.0,2.0,0.0,0.0,0.0,0.0,2.0,4.0,3.0,1.0
Neuenschwander Dominic,1.0,1.0,1.0,1.0,,0.0,1.0,1.0,,0.0,1.0,0.0,0.0,0.0,0.0,0.0,0.0,0.0,0.0
Zuege Tim,,0.0,,0.0,0.0,,,0.0,0.0,2.0,,0.0,,,,1.0,0.0,0.0,
Recher Jan,0.0,0.0,0.0,0.0,1.0,0.0,2.0,1.0,0.0,0.0,2.0,0.0,0.0,0.0,0.0,0.0,0.0,1.0,1.0
