SPIELER,19_09_01,19_09_07,19_09_14,19_09_28,19_10_06,19_10_12,19_10_19,19_11_02,19_11_09,19_11_16,19_11_24,19_11_30,19_12_07,19_12_14,20_01_17,20_02_01,20_02_15,20_02_22,20_03_07
Kocher Roman,,,,,,,,,,,,,,,,,0.0,0.0,
Lindner Jorden,50.0,50.0,40.0,50.0,63.0,54.0,75.0,100.0,,80.0,50.0,66.0,40.0,,,,,,
Glücki Valentin,0.0,,0.0,50.0,,,0.0,0.0,,80.0,66.0,,,,,,,0.0,0.0
Antonietti Claudio,,,,,,,,,,,,,,,,,100.0,100.0,100.0
van den Nobelen Timon,0.0,50.0,0.0,0.0,50.0,100.0,,,,,,0.0,,,,0.0,0.0,0.0,0.0
Ruef Mauro,71.0,55.0,66.0,0.0,100.0,100.0,25.0,50.0,100.0,,,66.0,80.0,61.0,57.0,0.0,75.0,0.0,
Chernov Ivan,,,,,,,77.0,,44.0,,0.0,,,,63.0,55.0,,,
Gobeli Sven,,0.0,0.0,,0.0,0.0,0.0,,,0.0,,0.0,,0.0,0.0,,0.0,50.0,0.0
Meier Joris,,,,,,,,,0.0,,,,,,,,,,
Zehr Tobias,0.0,33.0,50.0,100.0,80.0,60.0,0.0,50.0,33.0,100.0,71.0,33.0,60.0,50.0,25.0,40.0,42.0,70.0,50.0
Schär Nicola,,0.0,,,,,,,,33.0,,,100.0,40.0,100.0,,80.0,0.0,0.0
Schenk Adrian,100.0,100.0,,100.0,,,,66.0,,100.0,,83.0,80.0,0.0,0.0,,,60.0,71.0
Gerber Alain,0.0,,,,,,,,,,,,,,,,,,
Orode Godwin Ayko,0.0,0.0,80.0,33.0,,71.0,0.0,,,0.0,0.0,,18.0,20.0,,0.0,0.0,,
Forrer Steven,41.0,100.0,100.0,50.0,75.0,,,80.0,36.0,50.0,40.0,25.0,75.0,0.0,0.0,100.0,50.0,64.0,71.0
Stettler Nils,,,0.0,,,,57.0,,,,,,,,,,,,
Klenja Emush,0.0,0.0,0.0,0.0,0.0,,0.0,,0.0,0.0,0.0,,0.0,,0.0,0.0,,,0.0
Stettler Jan,,,,,,50.0,,,25.0,,40.0,20.0,0.0,,33.0,0.0,,,
Meier Aaron,37.0,80.0,,0.0,,,,66.0,,71.0,,33.0,,30.0,,,,,
Baumann Yanic,,,,,,,,,,,,,,,,,,,0.0
Gurtner Nicolas,0.0,80.0,66.0,100.0,71.0,50.0,60.0,60.0,66.0,80.0,80.0,100.0,66.0,66.0,,,75.0,,
Bunke Seraphin,,,,,44.0,66.0,50.0,,66.0,50.0,0.0,,100.0,0.0,0.0,100.0,50.0,100.0,0.0
Brenzikofer André,,,,,,0.0,,,,,,0.0,,,,,,,
Schöni Gregory,,100.0,62.0,50.0,,25.0,50.0,,,,,33.0,100.0,,50.0,100.0,0.0,62.0,75.0
Antonietti Sandro,0.0,,,,,100.0,0.0,100.0,0.0,,,,,,,,,,
Stüdle Nicolas,50.0,33.0,100.0,100.0,33.0,100.0,,0.0,0.0,75.0,100.0,40.0,,100.0,40.0,100.0,0.0,66.0,0.0
Lory Elias,,,50.0,,75.0,,50.0,,50.0,,50.0,,,,66.0,75.0,,,
Recher Jan,,,,,,100.0,,,,,,80.0,83.0,,50.0,50.0,,62.0,33.0
Kiener Lars,,,,,,,,61.0,55.0,55.0,42.0,,,,,,,,
Hug Dominique,,,,0.0,,,,0.0,0.0,,0.0,,0.0,0.0,,0.0,,,
