SPIELER,19_09_01,19_09_07,19_09_14,19_09_28,19_10_06,19_10_12,19_10_19,19_11_02,19_11_09,19_11_16,19_11_24,19_11_30,19_12_07,19_12_14,20_01_17,20_02_01,20_02_15,20_02_22,20_03_07
Kocher Roman,,,,,,,,,,,,,,,,,0.0,0.0,
Lindner Jorden,0.0,0.0,0.0,0.0,0.0,0.0,0.0,0.0,,0.0,0.0,0.0,0.0,,,,,,
Glücki Valentin,0.0,,0.0,0.0,,,0.0,0.0,,0.0,0.0,,,,,,,0.0,0.0
Antonietti Claudio,,,,,,,,,,,,,,,,,0.0,0.0,0.0
van den Nobelen Timon,0.0,0.0,0.0,0.0,0.0,0.0,,,,,,0.0,,,,0.0,0.0,0.0,0.0
Ruef Mauro,0.0,0.0,0.0,0.0,0.0,0.0,0.0,0.0,0.0,,,0.0,0.0,0.0,0.0,0.0,0.0,0.0,
Chernov Ivan,,,,,,,0.0,,0.0,,0.0,,,,0.0,0.0,,,
Gobeli Sven,,0.0,0.0,,0.0,0.0,0.0,,,0.0,,0.0,,0.0,0.0,,0.0,0.0,0.0
Meier Joris,,,,,,,,,0.0,,,,,,,,,,
Zehr Tobias,0.0,0.0,0.0,0.0,0.0,0.0,0.0,0.0,0.0,0.0,0.0,0.0,0.0,0.0,0.0,0.0,0.0,0.0,0.0
Schär Nicola,,0.0,,,,,,,,0.0,,,0.0,0.0,0.0,,0.0,0.0,0.0
Schenk Adrian,0.0,0.0,,0.0,,,,0.0,,0.0,,0.0,0.0,0.0,0.0,,,0.0,0.0
Gerber Alain,0.0,,,,,,,,,,,,,,,,,,
Orode Godwin Ayko,0.0,0.0,0.0,0.0,,0.0,0.0,,,0.0,0.0,,0.0,0.0,,0.0,0.0,,
Forrer Steven,0.0,0.0,0.0,0.0,0.0,,,0.0,0.0,0.0,0.0,0.0,0.0,0.0,0.0,0.0,0.0,0.0,0.0
Stettler Nils,,,0.0,,,,0.0,,,,,,,,,,,,
Klenja Emush,0.0,0.0,0.0,0.0,0.0,,0.0,,0.0,0.0,0.0,,0.0,,0.0,0.0,,,0.0
Stettler Jan,,,,,,0.0,,,0.0,,0.0,0.0,0.0,,0.0,0.0,,,
Meier Aaron,0.0,0.0,,0.0,,,,0.0,,0.0,,0.0,,0.0,,,,,
Baumann Yanic,,,,,,,,,,,,,,,,,,,0.0
Gurtner Nicolas,0.0,0.0,0.0,0.0,0.0,0.0,0.0,0.0,0.0,0.0,0.0,1.0,0.0,0.0,,,0.0,,
Bunke Seraphin,,,,,0.0,0.0,0.0,,0.0,0.0,0.0,,0.0,0.0,0.0,0.0,0.0,0.0,0.0
Brenzikofer André,,,,,,0.0,,,,,,0.0,,,,,,,
Schöni Gregory,,0.0,1.0,0.0,,0.0,0.0,,,,,0.0,0.0,,0.0,0.0,0.0,0.0,0.0
Antonietti Sandro,0.0,,,,,0.0,0.0,0.0,0.0,,,,,,,,,,
Stüdle Nicolas,0.0,0.0,0.0,0.0,0.0,0.0,,0.0,0.0,0.0,0.0,0.0,,0.0,0.0,0.0,0.0,0.0,0.0
Lory Elias,,,0.0,,0.0,,0.0,,0.0,,0.0,,,,0.0,0.0,,,
Recher Jan,,,,,,0.0,,,,,,0.0,0.0,,0.0,0.0,,0.0,0.0
Kiener Lars,,,,,,,,0.0,0.0,0.0,0.0,,,,,,,,
Hug Dominique,,,,0.0,,,,0.0,0.0,,0.0,,0.0,0.0,,0.0,,,
