SPIELER,20_09_02,20_09_05,20_09_13,20_09_19,20_09_26,20_10_03,20_10_07,20_10_10,20_10_17,20_10_24,20_11_11,20_11_14,20_11_21,20_11_26,20_12_18,20_12_22,21_02_04,21_02_07,21_02_14,21_02_20,21_03_06,21_03_18,21_03_21,21_03_27,21_04_10,21_04_17,21_04_22,21_05_05,21_05_13,21_05_16,21_05_20
Winkler Marc,0.0,0.0,0.0,0.0,0.0,0.0,0.0,0.0,0.0,0.0,0.0,0.0,0.0,0.0,0.0,0.0,0.0,0.0,0.0,0.0,0.0,0.0,0.0,0.0,0.0,0.0,0.0,0.0,0.0,0.0,0.0
von Deschwanden Lukas,,2.0,0.0,1.0,3.0,1.0,2.0,3.0,0.0,2.0,1.0,4.0,1.0,1.0,2.0,1.0,2.0,1.0,2.0,0.0,3.0,2.0,1.0,2.0,1.0,4.0,,1.0,1.0,0.0,0.0
Giovanelli Marco,,,,,,0.0,,,,,,,,,,,,,,,,,,,,,,,,,
Raemy Nicolas,6.0,4.0,,,,,,,5.0,,2.0,1.0,3.0,1.0,7.0,3.0,4.0,1.0,5.0,1.0,3.0,3.0,2.0,1.0,3.0,3.0,2.0,2.0,,1.0,
Chernov Ivan,,0.0,5.0,3.0,0.0,,2.0,1.0,0.0,1.0,0.0,0.0,1.0,0.0,1.0,2.0,2.0,0.0,1.0,0.0,0.0,1.0,2.0,0.0,0.0,0.0,2.0,1.0,1.0,0.0,1.0
Dähler Jonas,1.0,0.0,0.0,1.0,0.0,1.0,0.0,1.0,1.0,0.0,0.0,0.0,0.0,0.0,0.0,0.0,0.0,0.0,0.0,1.0,1.0,0.0,0.0,,,,,,,,
Sorgen Janick,0.0,0.0,2.0,0.0,0.0,1.0,0.0,1.0,1.0,,0.0,0.0,1.0,1.0,0.0,,0.0,0.0,1.0,0.0,0.0,2.0,0.0,,,1.0,0.0,1.0,0.0,2.0,0.0
Felder Gabriel,1.0,1.0,2.0,1.0,0.0,3.0,3.0,0.0,0.0,0.0,0.0,0.0,1.0,0.0,1.0,0.0,0.0,1.0,0.0,0.0,0.0,0.0,,1.0,0.0,0.0,0.0,0.0,0.0,0.0,0.0
Delhees Ron,,,,,,,,,,,,,,,,,,,,0.0,0.0,1.0,1.0,2.0,0.0,1.0,,1.0,1.0,2.0,
Schwab Yannick,0.0,0.0,0.0,1.0,0.0,0.0,0.0,0.0,0.0,0.0,1.0,0.0,0.0,0.0,0.0,0.0,1.0,0.0,0.0,1.0,1.0,3.0,1.0,2.0,0.0,1.0,0.0,,,,
Antonietti Claudio,,,,,,,,,,,,,,,,,,,,,,0.0,0.0,0.0,,,,,,,
Römer Flavian,,,,,,,,,,,,,,,,,,,,,,,0.0,0.0,0.0,,0.0,,0.0,,0.0
Bouilloux Roman,0.0,0.0,,,,,,,,,,,,,0.0,0.0,0.0,0.0,1.0,2.0,0.0,2.0,1.0,1.0,1.0,0.0,1.0,0.0,1.0,0.0,0.0
Wick Flavio,0.0,0.0,0.0,0.0,0.0,0.0,0.0,0.0,0.0,0.0,0.0,0.0,0.0,0.0,0.0,0.0,0.0,0.0,0.0,0.0,0.0,0.0,0.0,0.0,0.0,0.0,0.0,0.0,0.0,0.0,0.0
Guignet Damien,0.0,2.0,4.0,,,,,,0.0,1.0,0.0,0.0,0.0,0.0,2.0,2.0,1.0,0.0,,,,,,0.0,1.0,1.0,2.0,0.0,0.0,2.0,2.0
Linder Luca,,,,0.0,1.0,0.0,1.0,,,,0.0,0.0,1.0,0.0,0.0,0.0,1.0,1.0,0.0,,0.0,,,,,0.0,0.0,0.0,1.0,0.0,0.0
Baumann Yanic,,,,,,,,,,,,,,,,,,,,,,,0.0,0.0,0.0,,0.0,,0.0,,0.0
Wyttenbach Ivan,0.0,0.0,0.0,1.0,0.0,0.0,1.0,1.0,1.0,0.0,2.0,0.0,0.0,0.0,,,,,,,,,,,,,,,,,
Lüthi Dario,1.0,0.0,0.0,0.0,0.0,0.0,0.0,1.0,0.0,,0.0,0.0,0.0,0.0,2.0,0.0,,,,0.0,0.0,0.0,1.0,0.0,0.0,2.0,2.0,0.0,0.0,1.0,2.0
Huwyler Stefan,0.0,,0.0,0.0,0.0,0.0,0.0,0.0,0.0,0.0,0.0,1.0,0.0,1.0,0.0,0.0,,,0.0,0.0,0.0,0.0,0.0,0.0,0.0,1.0,0.0,0.0,0.0,0.0,
Friedli Reto,0.0,0.0,0.0,0.0,0.0,1.0,0.0,,1.0,0.0,,0.0,,,,1.0,0.0,0.0,0.0,0.0,0.0,0.0,0.0,0.0,0.0,0.0,0.0,0.0,1.0,0.0,0.0
Gruber Nino,0.0,1.0,,,,1.0,0.0,0.0,0.0,0.0,0.0,,0.0,0.0,1.0,0.0,0.0,0.0,,,,,,,0.0,1.0,0.0,0.0,0.0,0.0,0.0
Dannmeyer Max,5.0,1.0,1.0,0.0,1.0,2.0,2.0,0.0,2.0,1.0,0.0,1.0,2.0,0.0,2.0,1.0,0.0,1.0,1.0,1.0,2.0,,,,,,,,,,
