KADER,22_12_03,22_10_01,22_09_07,22_11_30,22_09_11,22_09_24,22_11_09,22_09_04,22_11_16,22_10_19,22_11_02,22_10_26,22_10_08,22_11_27,22_11_12,22_10_23,22_09_15,22_09_01
Gruber Nino,100.0,,,,,,,,,,,,,,,,,
SORGEN Janick,66.0,100.0,75.0,100.0,0.0,0.0,100.0,100.0,80.0,,0.0,100.0,0.0,100.0,0.0,,50.0,0.0
RÖMER Leandro,,,,,,,,,0.0,,,,,,,,,
WICK Flavio,,0.0,0.0,0.0,0.0,0.0,0.0,0.0,0.0,0.0,0.0,0.0,100.0,0.0,0.0,0.0,0.0,0.0
Linder Luca,83.0,,,,,,,,,,,,,,,,,
FELDER Gabriel,,100.0,66.0,100.0,33.0,100.0,,50.0,,80.0,,66.0,100.0,50.0,,100.0,40.0,66.0
VON DESCHWANDEN Lukas,,64.0,42.0,60.0,50.0,66.0,,71.0,66.0,46.0,87.0,60.0,45.0,64.0,100.0,60.0,85.0,63.0
LINDER Luca,,,0.0,85.0,50.0,66.0,100.0,100.0,87.0,100.0,66.0,25.0,50.0,100.0,66.0,80.0,75.0,50.0
SCHWAB Yannick,,100.0,100.0,100.0,100.0,100.0,100.0,0.0,,100.0,80.0,100.0,66.0,100.0,0.0,100.0,100.0,66.0
LÜTHI Dario,,0.0,0.0,0.0,0.0,0.0,0.0,0.0,0.0,0.0,0.0,0.0,100.0,0.0,0.0,50.0,100.0,33.0
HUWYLER Stefan,,0.0,0.0,0.0,,0.0,0.0,0.0,100.0,50.0,0.0,0.0,66.0,0.0,0.0,0.0,0.0,0.0
DÄHLER Jonas,50.0,100.0,0.0,50.0,100.0,0.0,100.0,0.0,33.0,83.0,66.0,100.0,66.0,0.0,75.0,0.0,0.0,50.0
Wick Flavio,0.0,,,,,,,,,,,,,,,,,
Manse Cedric,50.0,,,,,,,,,,,,,,,,,
Römer Flavian,0.0,,,,,,,,,,,,,,,,,
Lüthi Dario,100.0,,,,,,,,,,,,,,,,,
GRUBER Nino,,100.0,100.0,0.0,50.0,0.0,0.0,100.0,33.0,50.0,0.0,0.0,50.0,100.0,100.0,100.0,75.0,100.0
RÖMER Flavian,,0.0,0.0,,0.0,0.0,75.0,0.0,40.0,0.0,100.0,0.0,0.0,,83.0,0.0,66.0,50.0
Schwab Yannick,0.0,,,,,,,,,,,,,,,,,
DANNMEYER Max,55.0,75.0,69.0,44.0,33.0,40.0,33.0,40.0,0.0,40.0,20.0,0.0,60.0,25.0,72.0,0.0,44.0,50.0
DELHEES Ron,,,,40.0,,,75.0,,40.0,,44.0,,,66.0,66.0,,,
BAUMANN Yanic,,,,,,,0.0,,,,,,,,,,,
MANSE Cedric,,0.0,100.0,0.0,50.0,75.0,100.0,0.0,0.0,25.0,100.0,100.0,60.0,50.0,100.0,0.0,100.0,
Huwyler Stefan,0.0,,,,,,,,,,,,,,,,,
WINKLER Marc,0.0,0.0,0.0,0.0,0.0,0.0,0.0,0.0,0.0,0.0,0.0,0.0,0.0,0.0,0.0,0.0,0.0,0.0
Felder Gabriel,50.0,,,,,,,,,,,,,,,,,
Chernov Ivan,60.0,,,,,,,,,,,,,,,,,
Guignet Damien,50.0,,,,,,,,,,,,,,,,,
CHERNOV Ivan,,33.0,20.0,100.0,66.0,71.0,100.0,20.0,33.0,100.0,75.0,70.0,0.0,66.0,25.0,60.0,80.0,66.0
GUIGNET Damien,,,,100.0,,,0.0,,50.0,25.0,0.0,100.0,,100.0,100.0,33.0,,
