KADER,22_09_01,22_09_04,22_09_07,22_09_11,22_09_15,22_09_24,22_10_01,22_10_08,22_10_19,22_10_23,22_10_26,22_11_02,22_11_09,22_11_12,22_11_16,22_11_27,22_11_30,22_12_03,22_12_14,22_12_17
FELDER GABRIEL,1.0,0.0,1.0,1.0,0.0,0.0,0.0,0.0,0.0,0.0,0.0,,,,,2.0,0.0,0.0,0.0,1.0
LINDER LUCA,0.0,0.0,0.0,0.0,0.0,0.0,,0.0,0.0,0.0,1.0,0.0,0.0,0.0,0.0,0.0,0.0,0.0,0.0,
DÄHLER JONAS,0.0,0.0,0.0,0.0,0.0,0.0,0.0,0.0,1.0,0.0,0.0,1.0,2.0,0.0,0.0,0.0,0.0,0.0,0.0,0.0
GUIGNET DAMIEN,,,,,,,,,0.0,0.0,0.0,0.0,0.0,0.0,0.0,0.0,1.0,0.0,0.0,0.0
SCHWAB YANNICK,0.0,0.0,0.0,0.0,1.0,0.0,0.0,0.0,1.0,0.0,0.0,1.0,1.0,0.0,,0.0,0.0,0.0,0.0,1.0
LÜTHI DARIO,0.0,2.0,0.0,1.0,0.0,1.0,1.0,2.0,2.0,0.0,0.0,0.0,1.0,0.0,1.0,0.0,1.0,1.0,0.0,0.0
DANNMEYER MAX,0.0,0.0,1.0,0.0,0.0,0.0,0.0,0.0,0.0,1.0,0.0,0.0,1.0,0.0,0.0,0.0,0.0,0.0,1.0,0.0
HUWYLER STEFAN,0.0,2.0,1.0,,1.0,0.0,2.0,1.0,0.0,1.0,1.0,0.0,0.0,0.0,0.0,0.0,2.0,0.0,0.0,0.0
RÖMER FLAVIAN,0.0,0.0,0.0,0.0,0.0,1.0,0.0,0.0,0.0,0.0,0.0,0.0,0.0,0.0,0.0,,,0.0,0.0,0.0
MANSE CEDRIC,,0.0,1.0,0.0,0.0,1.0,0.0,0.0,0.0,0.0,0.0,0.0,0.0,1.0,0.0,1.0,0.0,0.0,1.0,0.0
VON DESCHWANDEN LUKAS,3.0,0.0,1.0,0.0,1.0,0.0,1.0,1.0,0.0,1.0,1.0,1.0,,0.0,1.0,0.0,0.0,,0.0,0.0
WINKLER MARC,0.0,0.0,0.0,0.0,0.0,0.0,0.0,0.0,0.0,0.0,0.0,0.0,0.0,0.0,0.0,0.0,0.0,0.0,0.0,0.0
CHERNOV IVAN,1.0,0.0,0.0,0.0,1.0,0.0,0.0,0.0,0.0,1.0,0.0,0.0,0.0,0.0,0.0,0.0,0.0,0.0,1.0,0.0
GRUBER NINO,0.0,0.0,0.0,0.0,0.0,0.0,0.0,0.0,0.0,0.0,0.0,0.0,0.0,0.0,0.0,0.0,0.0,0.0,0.0,0.0
BAUMANN YANIC,,,,,,,,,,,,,0.0,,,,,,,0.0
SORGEN JANICK,1.0,2.0,0.0,0.0,2.0,0.0,1.0,1.0,,,1.0,2.0,2.0,0.0,0.0,0.0,1.0,3.0,1.0,1.0
WICK FLAVIO,0.0,0.0,0.0,0.0,0.0,0.0,0.0,0.0,0.0,0.0,0.0,0.0,0.0,0.0,0.0,0.0,0.0,0.0,0.0,0.0
RÖMER LEANDRO,,,,,,,,,,,,,,,0.0,,,,,
DELHEES RON,,,,,,,,,,,,0.0,0.0,1.0,1.0,1.0,0.0,,,
