KADER,22_09_01,22_09_04,22_09_07,22_09_11,22_09_15,22_09_24,22_10_01,22_10_08,22_10_19,22_10_23,22_10_26,22_11_02,22_11_09,22_11_12,22_11_16,22_11_27,22_11_30,22_12_03
Wick Flavio,,,,,,,,,,,,,,,,,,0.0
MANSE Cedric,,0.0,0.0,0.0,0.0,0.0,0.0,0.0,0.0,0.0,0.0,0.0,0.0,0.0,0.0,0.0,0.0,
HUWYLER Stefan,1.0,1.0,1.0,,0.0,0.0,0.0,0.0,0.0,0.0,0.0,0.0,0.0,0.0,0.0,1.0,0.0,
Lüthi Dario,,,,,,,,,,,,,,,,,,0.0
DÄHLER Jonas,0.0,0.0,0.0,0.0,0.0,0.0,0.0,0.0,0.0,0.0,0.0,0.0,1.0,0.0,0.0,1.0,0.0,0.0
WINKLER Marc,0.0,0.0,0.0,0.0,0.0,0.0,0.0,0.0,0.0,0.0,0.0,0.0,0.0,0.0,0.0,0.0,0.0,0.0
Chernov Ivan,,,,,,,,,,,,,,,,,,0.0
LÜTHI Dario,0.0,0.0,0.0,1.0,0.0,1.0,0.0,0.0,0.0,1.0,0.0,0.0,0.0,0.0,0.0,0.0,0.0,
VON DESCHWANDEN Lukas,0.0,0.0,1.0,0.0,0.0,0.0,0.0,0.0,1.0,0.0,0.0,0.0,,0.0,0.0,0.0,0.0,
BAUMANN Yanic,,,,,,,,,,,,,0.0,,,,,
Manse Cedric,,,,,,,,,,,,,,,,,,0.0
WICK Flavio,0.0,0.0,0.0,0.0,0.0,0.0,0.0,0.0,0.0,0.0,0.0,0.0,0.0,0.0,0.0,0.0,0.0,
DANNMEYER Max,0.0,0.0,0.0,0.0,0.0,0.0,0.0,0.0,0.0,0.0,0.0,0.0,0.0,0.0,0.0,0.0,0.0,0.0
Gruber Nino,,,,,,,,,,,,,,,,,,0.0
Guignet Damien,,,,,,,,,,,,,,,,,,0.0
GRUBER Nino,0.0,0.0,0.0,0.0,0.0,0.0,0.0,0.0,0.0,0.0,0.0,0.0,0.0,0.0,0.0,0.0,0.0,
Schwab Yannick,,,,,,,,,,,,,,,,,,0.0
LINDER Luca,0.0,0.0,0.0,0.0,0.0,0.0,,0.0,0.0,0.0,0.0,0.0,0.0,0.0,0.0,0.0,0.0,
SCHWAB Yannick,0.0,0.0,0.0,1.0,1.0,0.0,1.0,0.0,0.0,1.0,0.0,0.0,0.0,0.0,,0.0,0.0,
CHERNOV Ivan,0.0,0.0,0.0,0.0,0.0,0.0,0.0,0.0,0.0,0.0,0.0,0.0,0.0,0.0,0.0,0.0,0.0,
GUIGNET Damien,,,,,,,,,0.0,0.0,0.0,0.0,0.0,0.0,0.0,0.0,0.0,
SORGEN Janick,0.0,1.0,0.0,0.0,0.0,0.0,1.0,0.0,,,0.0,0.0,1.0,0.0,0.0,0.0,1.0,0.0
RÖMER Leandro,,,,,,,,,,,,,,,0.0,,,
Römer Flavian,,,,,,,,,,,,,,,,,,0.0
Linder Luca,,,,,,,,,,,,,,,,,,0.0
FELDER Gabriel,1.0,0.0,0.0,0.0,0.0,0.0,0.0,1.0,0.0,0.0,1.0,,,,,0.0,0.0,
DELHEES Ron,,,,,,,,,,,,0.0,0.0,0.0,1.0,0.0,0.0,
Huwyler Stefan,,,,,,,,,,,,,,,,,,0.0
RÖMER Flavian,0.0,0.0,0.0,0.0,0.0,0.0,0.0,0.0,0.0,0.0,0.0,0.0,0.0,0.0,0.0,,,
Felder Gabriel,,,,,,,,,,,,,,,,,,0.0
