SPIELER,21_09_04,21_09_11,21_09_18,21_10_17,21_10_23,21_11_06,21_11_20,21_11_28,21_12_04,21_12_08,21_12_11,21_12_18,22_01_16,22_01_23,22_02_05,22_02_06,22_02_12,22_02_26,22_03_05,22_03_19,22_03_20,22_04_02,22_04_09,22_04_24,22_04_30
BAUMANN Joshua,,,,75.0,42.0,55.0,90.0,83.0,80.0,40.0,62.0,76.0,46.0,50.0,41.0,41.0,76.0,100.0,77.0,57.0,76.0,,46.0,53.0,
Jenni Cédric,,,60.0,,,,,,,,,,,,,,,,,,,,,,
Lüthi Flurin,0.0,0.0,,,,,,,,,,,,,,,,,,,,,,,
HUNZIKER Julian,,,,,50.0,0.0,100.0,66.0,0.0,100.0,,66.0,50.0,0.0,,,,,,,,,,,
Zilic Marko,0.0,0.0,0.0,,,,,,,,,,,,,,,,,,,,,,
REUSSER Lars,,,,,0.0,66.0,50.0,0.0,0.0,,0.0,0.0,0.0,,0.0,,,,,75.0,,,,,
RUDIN Sebastian,,,,73.0,20.0,75.0,37.0,40.0,0.0,,,,,,,,,,,,,,,,
LÄDRACH Gregory,,,,80.0,40.0,66.0,50.0,50.0,0.0,40.0,14.0,33.0,60.0,45.0,28.0,25.0,50.0,73.0,55.0,44.0,62.0,66.0,66.0,75.0,50.0
DÄHLER Nicolas,,,,,,,,,,,,,0.0,,50.0,,,,,,,,,,
ROTH Dominik,,,,50.0,100.0,100.0,66.0,100.0,75.0,0.0,100.0,100.0,87.0,50.0,77.0,66.0,33.0,87.0,75.0,100.0,100.0,80.0,33.0,80.0,0.0
Lädrach Gregory,100.0,,,,,,,,,,,,,,,,,,,,,,,,
MARTHALER Ivan,,,,0.0,,,33.0,25.0,0.0,0.0,0.0,,14.0,0.0,0.0,50.0,0.0,0.0,50.0,0.0,0.0,0.0,0.0,33.0,0.0
Hodler Fynn,,0.0,0.0,,,,,,,,,,,,,,,,,,,,,,
FRISCHKNECHT Lasse,,,,,,,,,,,,,,50.0,,,,,,,,50.0,0.0,0.0,0.0
WABER Gian,,,,0.0,,50.0,0.0,0.0,,100.0,66.0,100.0,0.0,,66.0,,50.0,0.0,,,,,100.0,20.0,50.0
Marthaler Ivan,,0.0,66.0,,,,,,,,,,,,,,,,,,,,,,
CAVIEZEL Tim,,,,,,,,,,,0.0,,,,,,,,0.0,,0.0,0.0,,,100.0
LICARI Elia,,,,0.0,66.0,71.0,66.0,62.0,50.0,50.0,33.0,80.0,,0.0,0.0,0.0,50.0,100.0,66.0,44.0,40.0,80.0,0.0,0.0,57.0
Hunziker Julian,0.0,100.0,100.0,,,,,,,,,,,,,,,,,,,,,,
Strikcani Artan,,,50.0,,,,,,,,,,,,,,,,,,,,,,
HODLER Fynn,,,,0.0,0.0,0.0,0.0,0.0,0.0,0.0,0.0,,0.0,0.0,0.0,0.0,0.0,0.0,100.0,100.0,0.0,0.0,,,
HAUDENSCHILD Luis,,,,,,,,,,,,,,,,,0.0,,,,,,,,
Roth Dominik,100.0,75.0,66.0,,,,,,,,,,,,,,,,,,,,,,
RUSCH David,,,,100.0,100.0,66.0,0.0,100.0,,,,,,0.0,,50.0,50.0,100.0,100.0,66.0,100.0,62.0,50.0,50.0,100.0
JENNI Cédric,,,,0.0,66.0,33.0,0.0,,0.0,,25.0,0.0,100.0,,0.0,,,,0.0,33.0,0.0,,,,
Lehmann David,,0.0,,,,,,,,,,,,,,,,,,,,,,,
Licari Elia,66.0,50.0,0.0,,,,,,,,,,,,,,,,,,,,,,
LIECHTI Björn,,,,,,,,,,,,,,66.0,,,,,,50.0,,,,0.0,
KARLEN Jean-Baptiste,,,,70.0,100.0,85.0,,25.0,72.0,80.0,,20.0,,60.0,60.0,0.0,87.0,55.0,80.0,,60.0,66.0,55.0,,
NEIGER Dominic,,,,100.0,66.0,100.0,0.0,100.0,42.0,100.0,60.0,90.0,,,,40.0,80.0,60.0,50.0,80.0,100.0,0.0,83.0,71.0,57.0
Karlen Jean-Baptiste,60.0,60.0,42.0,,,,,,,,,,,,,,,,,,,,,,
Rudin Sebastian,25.0,37.0,33.0,,,,,,,,,,,,,,,,,,,,,,
ZILIC Marko,,,,0.0,0.0,0.0,0.0,0.0,0.0,0.0,0.0,0.0,0.0,0.0,0.0,,0.0,0.0,0.0,,0.0,,0.0,,0.0
LEHMANN David,,,,,,,,,,,,,0.0,,,,,,,,,,,,100.0
Neiger Dominic,100.0,0.0,100.0,,,,,,,,,,,,,,,,,,,,,,
KNÖRI Niklas,,,,,,,,,,,,,,,,,,,100.0,,,,,50.0,0.0
LEUENBERGER Timon,,,,,,,,,,,,0.0,,,,0.0,,,,0.0,,0.0,,0.0,0.0
Baumann Joshua,84.0,65.0,50.0,,,,,,,,,,,,,,,,,,,,,,
Reusser Lars,50.0,0.0,0.0,,,,,,,,,,,,,,,,,,,,,,
LÜTHI Flurin,,,,,0.0,,,,,0.0,0.0,100.0,,0.0,100.0,50.0,0.0,50.0,0.0,0.0,0.0,0.0,0.0,0.0,
Waber Gian,100.0,50.0,0.0,,,,,,,,,,,,,,,,,,,,,,
STRIKCANI Artan,,,,0.0,,,,,100.0,50.0,0.0,0.0,0.0,,100.0,0.0,0.0,0.0,,0.0,0.0,0.0,0.0,,100.0
Rusch David,66.0,,,,,,,,,,,,,,,,,,,,,,,,
