SPIELER,20_09_05,20_09_12,20_09_19,20_09_26,20_10_04,20_10_10,20_10_17,20_10_24,21_04_18,21_04_25,21_05_01
Ruef Mauro,0.0,0.0,66.0,33.0,0.0,0.0,50.0,0.0,,,
Christinat Joël,,,50.0,66.0,33.0,0.0,0.0,0.0,50.0,0.0,60.0
Stettler Ramon,0.0,0.0,0.0,0.0,0.0,0.0,,0.0,,0.0,100.0
Lory Elias,40.0,50.0,88.0,55.0,70.0,28.0,0.0,72.0,50.0,0.0,33.0
Brenzikofer André,,,,,,,,,0.0,0.0,0.0
Kocher Roman,,,,,,,0.0,,,,
Schöni Gregory,0.0,,50.0,100.0,100.0,25.0,,100.0,0.0,0.0,0.0
Giovanelli Marco,41.0,20.0,28.0,66.0,36.0,14.0,55.0,50.0,0.0,0.0,0.0
Drollinger Yannick,0.0,100.0,100.0,0.0,50.0,100.0,37.0,0.0,66.0,0.0,100.0
Stettler Jan,0.0,0.0,0.0,66.0,100.0,0.0,50.0,0.0,,,
Felder Gabriel,,50.0,,66.0,83.0,,,,,,
Zuege Tim,0.0,0.0,0.0,0.0,0.0,0.0,0.0,0.0,0.0,,
Kiener Lars,,,,,,,,,100.0,,0.0
Scheidegger Roman,100.0,50.0,100.0,100.0,0.0,55.0,76.0,50.0,54.0,66.0,66.0
Stettler Nils,0.0,66.0,0.0,0.0,0.0,100.0,100.0,100.0,0.0,55.0,100.0
Forrer Steven,83.0,33.0,57.0,0.0,50.0,50.0,50.0,100.0,50.0,100.0,33.0
Lutz Nico,33.0,0.0,28.0,,,,75.0,0.0,50.0,71.0,60.0
Chernov Ivan,,55.0,,,,,,,,,
Karlen Janes,,0.0,0.0,50.0,33.0,50.0,0.0,,60.0,71.0,57.0
Zehr Tobias,0.0,66.0,25.0,0.0,0.0,100.0,0.0,100.0,0.0,100.0,0.0
Schwab Yannick,,50.0,,100.0,100.0,,,66.0,,0.0,
Manse Cedric,,,,,,,,,80.0,75.0,77.0
