SPIELER,20_09_05,20_09_12,20_09_19,20_09_26,20_10_04,20_10_10,20_10_17,20_10_24,21_04_18,21_04_25
Drollinger Yannick,0.0,1.0,1.0,0.0,1.0,1.0,0.0,0.0,1.0,1.0
Lutz Nico,0.0,0.0,0.0,,,,0.0,0.0,0.0,0.0
Brenzikofer André,,,,,,,,,0.0,0.0
Forrer Steven,0.0,1.0,0.0,1.0,2.0,1.0,0.0,0.0,0.0,0.0
Kocher Roman,,,,,,,0.0,,,
Lory Elias,1.0,0.0,0.0,0.0,0.0,0.0,0.0,0.0,0.0,0.0
Stettler Jan,0.0,0.0,2.0,0.0,0.0,0.0,0.0,0.0,,
Schöni Gregory,0.0,,0.0,1.0,0.0,1.0,,0.0,0.0,0.0
Kiener Lars,,,,,,,,,0.0,
Schwab Yannick,,1.0,,2.0,1.0,,,1.0,,0.0
Manse Cedric,,,,,,,,,0.0,0.0
Giovanelli Marco,0.0,0.0,0.0,0.0,0.0,0.0,1.0,0.0,0.0,0.0
Stettler Ramon,0.0,0.0,0.0,0.0,0.0,0.0,,0.0,,0.0
Scheidegger Roman,0.0,0.0,0.0,0.0,0.0,1.0,0.0,0.0,0.0,1.0
Karlen Janes,,1.0,0.0,1.0,0.0,0.0,1.0,,1.0,0.0
Stettler Nils,0.0,0.0,0.0,0.0,0.0,0.0,0.0,0.0,2.0,1.0
Chernov Ivan,,0.0,,,,,,,,
Zuege Tim,0.0,0.0,0.0,0.0,0.0,0.0,0.0,0.0,0.0,
Ruef Mauro,0.0,0.0,0.0,0.0,0.0,0.0,0.0,0.0,,
Felder Gabriel,,0.0,,0.0,2.0,,,,,
Zehr Tobias,0.0,1.0,0.0,0.0,0.0,0.0,1.0,0.0,0.0,0.0
Christinat Joël,,,0.0,0.0,0.0,0.0,0.0,0.0,0.0,0.0
