SPIELER,20_09_05,20_09_12,20_09_19,20_09_26,20_10_04,20_10_10,20_10_17,20_10_24
Kocher Roman,,,,,,,0.0,
Drollinger Yannick,1.0,0.0,0.0,0.0,0.0,0.0,0.0,0.0
Christinat Joël,,,0.0,0.0,0.0,0.0,0.0,0.0
Zuege Tim,0.0,0.0,0.0,0.0,0.0,0.0,0.0,0.0
Scheidegger Roman,1.0,0.0,3.0,3.0,0.0,1.0,1.0,1.0
Ruef Mauro,0.0,0.0,0.0,0.0,0.0,0.0,1.0,0.0
Chernov Ivan,,2.0,,,,,,
Zehr Tobias,1.0,0.0,0.0,0.0,0.0,0.0,0.0,2.0
Karlen Janes,,0.0,0.0,0.0,0.0,0.0,0.0,
Forrer Steven,2.0,0.0,3.0,3.0,3.0,0.0,0.0,0.0
Stettler Nils,0.0,1.0,1.0,1.0,1.0,1.0,0.0,1.0
Schwab Yannick,,1.0,,0.0,1.0,,,0.0
Stettler Jan,2.0,0.0,1.0,1.0,1.0,0.0,0.0,3.0
Stettler Ramon,0.0,0.0,0.0,0.0,0.0,0.0,,0.0
Lutz Nico,1.0,0.0,0.0,,,,0.0,1.0
Lory Elias,2.0,0.0,3.0,2.0,2.0,2.0,1.0,1.0
Schöni Gregory,0.0,,0.0,0.0,0.0,0.0,,0.0
Felder Gabriel,,0.0,,4.0,0.0,,,
Giovanelli Marco,2.0,2.0,2.0,0.0,1.0,1.0,1.0,3.0
