SPIELER,19_07_20,19_08_31,19_09_04,19_09_12,19_09_21,19_09_28,19_10_02,19_10_09,19_10_19,19_11_02,19_11_09,19_11_13,19_11_27,19_11_30,19_12_08,19_12_11,19_12_14,19_12_21,20_01_28,20_02_01,20_02_08,20_02_13,20_02_22,20_02_29,20_03_07
Holm Phillip,,50.0,40.0,66.0,33.0,57.0,80.0,38.0,50.0,60.0,20.0,0.0,,0.0,66.0,90.0,60.0,75.0,57.0,33.0,42.0,50.0,50.0,71.0,66.0
Zuege Tim,,,0.0,,,,,,,,0.0,0.0,0.0,,0.0,,,0.0,,,,,,,
Holm Phillip Tandrup,20.0,,,,,,,,,,,,,,,,,,,,,,,,
Dähler Jonas,50.0,40.0,60.0,66.0,50.0,66.0,60.0,100.0,55.0,50.0,80.0,80.0,40.0,70.0,100.0,70.0,75.0,71.0,25.0,50.0,63.0,85.0,75.0,57.0,0.0
Wick Flavio,0.0,,,0.0,0.0,0.0,0.0,0.0,0.0,0.0,100.0,0.0,0.0,0.0,100.0,100.0,0.0,0.0,0.0,0.0,0.0,0.0,0.0,0.0,0.0
Delhees Ron,,,,40.0,57.0,50.0,66.0,,,,80.0,55.0,,,,,,,,,,,,,
Wyttenbach Ivan,50.0,75.0,88.0,50.0,57.0,66.0,50.0,33.0,100.0,50.0,75.0,50.0,100.0,85.0,66.0,100.0,100.0,0.0,50.0,0.0,83.0,75.0,70.0,33.0,0.0
Winkler Marc,0.0,0.0,0.0,0.0,0.0,0.0,0.0,0.0,0.0,,,,,,,,,,0.0,0.0,0.0,0.0,0.0,0.0,0.0
Huwyler Simon,0.0,0.0,0.0,0.0,100.0,100.0,0.0,75.0,100.0,0.0,100.0,100.0,100.0,50.0,50.0,0.0,0.0,50.0,0.0,0.0,0.0,,,,
Lanz Thomas,100.0,50.0,50.0,66.0,66.0,71.0,0.0,50.0,0.0,50.0,33.0,100.0,100.0,66.0,40.0,85.0,44.0,80.0,75.0,50.0,83.0,80.0,62.0,100.0,75.0
Raemy Nicolas,42.0,,,,,,,,,,,,,,,,,,60.0,,75.0,,,,66.0
Manse Cedric,0.0,75.0,100.0,100.0,0.0,0.0,100.0,50.0,100.0,,,,0.0,,,,,,,,,,,,
Bouilloux Roman,,,,,,,,50.0,50.0,50.0,50.0,60.0,100.0,50.0,0.0,100.0,,100.0,0.0,,,,33.0,,
Klenja Emush,,0.0,,,,,,,,0.0,,,,0.0,,,,,,,,,,,
Schwab Yannick,,,0.0,,,0.0,50.0,0.0,50.0,,,,,,0.0,,,,,0.0,,0.0,100.0,0.0,0.0
Linder Luca,75.0,,,,,,,,,,,,,,,,,,,,,,,100.0,0.0
Suter Nicolas,66.0,64.0,62.0,71.0,71.0,80.0,0.0,,,83.0,75.0,62.0,85.0,70.0,0.0,80.0,100.0,45.0,80.0,66.0,40.0,80.0,85.0,83.0,50.0
Lüthi Dario,33.0,0.0,0.0,0.0,50.0,0.0,0.0,,,0.0,33.0,50.0,33.0,100.0,66.0,0.0,0.0,0.0,100.0,0.0,0.0,0.0,33.0,50.0,0.0
Friedli Reto,0.0,50.0,100.0,75.0,50.0,75.0,50.0,0.0,100.0,0.0,50.0,100.0,66.0,0.0,0.0,100.0,100.0,100.0,100.0,100.0,100.0,80.0,75.0,100.0,100.0
Haas Noah,,,,,,,,,,28.0,50.0,50.0,0.0,33.0,0.0,33.0,0.0,0.0,0.0,20.0,0.0,0.0,50.0,0.0,57.0
Huwyler Stefan,50.0,0.0,0.0,0.0,,,,0.0,0.0,100.0,0.0,0.0,0.0,0.0,,66.0,75.0,100.0,100.0,100.0,0.0,0.0,100.0,50.0,0.0
Guignet Damien,25.0,,,,,,,,,,,,,,100.0,66.0,80.0,57.0,0.0,66.0,66.0,60.0,40.0,57.0,44.0
Felder Gabriel,25.0,50.0,0.0,0.0,80.0,0.0,33.0,57.0,25.0,,,,57.0,0.0,62.0,60.0,50.0,0.0,,0.0,0.0,100.0,50.0,0.0,0.0
Giovanelli Marco,,,0.0,,,,,0.0,,66.0,0.0,50.0,25.0,,0.0,0.0,,0.0,,0.0,,0.0,,,
Gruber Nino,33.0,,100.0,0.0,,66.0,100.0,33.0,100.0,,20.0,0.0,50.0,,,,,,,,,,,,
