SPIELER,19_07_20,19_08_31,19_09_04,19_09_12,19_09_21,19_09_28,19_10_02,19_10_09,19_10_19,19_11_02,19_11_09,19_11_13,19_11_27,19_11_30,19_12_08,19_12_11,19_12_14,19_12_21,20_01_28,20_02_01,20_02_08,20_02_13,20_02_22,20_02_29,20_03_07
Holm Phillip,,0.0,1.0,1.0,0.0,2.0,1.0,0.0,1.0,0.0,1.0,0.0,,0.0,0.0,0.0,0.0,0.0,1.0,2.0,1.0,2.0,2.0,0.0,1.0
Zuege Tim,,,0.0,,,,,,,,0.0,0.0,0.0,,0.0,,,0.0,,,,,,,
Holm Phillip Tandrup,0.0,,,,,,,,,,,,,,,,,,,,,,,,
Dähler Jonas,0.0,0.0,0.0,0.0,0.0,1.0,0.0,0.0,0.0,0.0,0.0,1.0,0.0,1.0,0.0,1.0,1.0,1.0,0.0,0.0,0.0,0.0,1.0,0.0,0.0
Wick Flavio,0.0,,,0.0,0.0,0.0,0.0,0.0,0.0,0.0,0.0,0.0,0.0,0.0,0.0,0.0,0.0,0.0,0.0,0.0,0.0,0.0,0.0,0.0,0.0
Delhees Ron,,,,1.0,0.0,1.0,0.0,,,,2.0,0.0,,,,,,,,,,,,,
Wyttenbach Ivan,0.0,0.0,0.0,0.0,0.0,0.0,0.0,0.0,0.0,0.0,0.0,0.0,0.0,0.0,0.0,0.0,0.0,0.0,0.0,0.0,0.0,0.0,0.0,0.0,0.0
Winkler Marc,0.0,0.0,0.0,0.0,0.0,0.0,0.0,0.0,0.0,,,,,,,,,,0.0,0.0,0.0,0.0,0.0,0.0,0.0
Huwyler Simon,1.0,2.0,1.0,3.0,2.0,1.0,2.0,1.0,0.0,2.0,0.0,0.0,1.0,1.0,0.0,1.0,1.0,1.0,0.0,1.0,0.0,,,,
Lanz Thomas,0.0,0.0,0.0,0.0,0.0,0.0,0.0,0.0,0.0,0.0,0.0,1.0,0.0,0.0,0.0,0.0,0.0,1.0,1.0,0.0,0.0,0.0,0.0,0.0,0.0
Raemy Nicolas,0.0,,,,,,,,,,,,,,,,,,0.0,,0.0,,,,0.0
Manse Cedric,0.0,1.0,0.0,0.0,1.0,0.0,0.0,0.0,0.0,,,,0.0,,,,,,,,,,,,
Bouilloux Roman,,,,,,,,0.0,0.0,0.0,0.0,0.0,0.0,0.0,0.0,1.0,,0.0,0.0,,,,0.0,,
Klenja Emush,,0.0,,,,,,,,0.0,,,,0.0,,,,,,,,,,,
Schwab Yannick,,,0.0,,,0.0,0.0,1.0,1.0,,,,,,1.0,,,,,0.0,,1.0,1.0,0.0,0.0
Linder Luca,0.0,,,,,,,,,,,,,,,,,,,,,,,0.0,0.0
Suter Nicolas,0.0,1.0,0.0,2.0,1.0,1.0,1.0,,,1.0,1.0,2.0,0.0,0.0,1.0,0.0,0.0,1.0,2.0,0.0,2.0,0.0,1.0,1.0,1.0
Lüthi Dario,0.0,0.0,1.0,2.0,2.0,0.0,0.0,,,0.0,0.0,0.0,0.0,0.0,1.0,1.0,0.0,0.0,0.0,1.0,1.0,1.0,0.0,0.0,0.0
Friedli Reto,0.0,0.0,0.0,0.0,0.0,0.0,0.0,0.0,0.0,1.0,0.0,0.0,0.0,0.0,0.0,0.0,0.0,0.0,0.0,0.0,0.0,0.0,0.0,0.0,0.0
Haas Noah,,,,,,,,,,1.0,1.0,0.0,0.0,0.0,0.0,0.0,0.0,0.0,0.0,1.0,0.0,0.0,0.0,0.0,0.0
Huwyler Stefan,0.0,1.0,0.0,0.0,,,,0.0,0.0,0.0,0.0,0.0,0.0,2.0,,0.0,0.0,0.0,2.0,2.0,0.0,1.0,1.0,0.0,1.0
Guignet Damien,0.0,,,,,,,,,,,,,,0.0,0.0,0.0,0.0,1.0,2.0,1.0,0.0,0.0,0.0,1.0
Felder Gabriel,0.0,1.0,0.0,0.0,1.0,0.0,0.0,0.0,1.0,,,,0.0,0.0,0.0,1.0,1.0,0.0,,0.0,0.0,0.0,0.0,0.0,0.0
Giovanelli Marco,,,0.0,,,,,0.0,,0.0,0.0,0.0,0.0,,0.0,0.0,,0.0,,0.0,,0.0,,,
Gruber Nino,0.0,,0.0,0.0,,0.0,0.0,1.0,0.0,,0.0,0.0,0.0,,,,,,,,,,,,
