SPIELER,18_09_01,18_09_08,18_09_15,18_09_22,18_10_13,18_11_03,18_11_17,18_11_24,18_12_01,18_12_08,18_12_15,19_01_19,19_01_27,19_02_02,19_02_09,19_03_02,19_03_03,19_03_16,19_03_23,19_03_31,19_04_06,19_04_13
Karlen Lionel,0.0,75.0,50.0,66.0,62.0,50.0,100.0,33.0,85.0,100.0,50.0,50.0,80.0,66.0,100.0,,100.0,,,50.0,100.0,40.0
Römer Leandro,,,,,,,,,,,,,,,0.0,,0.0,0.0,0.0,100.0,,100.0
Targise Giuliano,,,,,,,,,,,,,,,,71.0,100.0,,50.0,,100.0,
Römer Flavian,50.0,25.0,28.0,75.0,33.0,100.0,50.0,50.0,60.0,33.0,50.0,46.0,71.0,88.0,40.0,50.0,33.0,72.0,57.0,54.0,40.0,60.0
Gerber Marc,0.0,,,,,,0.0,,,,,,,0.0,0.0,0.0,0.0,25.0,0.0,0.0,,
Kuster Noël,66.0,40.0,100.0,0.0,,50.0,0.0,0.0,100.0,100.0,33.0,83.0,0.0,0.0,,20.0,0.0,,0.0,0.0,0.0,100.0
Christen Keanu,0.0,33.0,40.0,71.0,100.0,0.0,0.0,0.0,71.0,0.0,50.0,50.0,0.0,0.0,0.0,62.0,100.0,33.0,,100.0,,42.0
Steger Matteo,66.0,50.0,0.0,50.0,,0.0,,0.0,33.0,0.0,0.0,0.0,,,,0.0,,,,,,
Roth Alexander,,100.0,,0.0,0.0,0.0,,0.0,100.0,0.0,100.0,0.0,0.0,,0.0,0.0,,0.0,100.0,0.0,0.0,0.0
Schweizer Micha,0.0,0.0,0.0,100.0,0.0,0.0,0.0,0.0,16.0,0.0,0.0,,,,,,,,,,,
Marti Rouven,100.0,,50.0,,71.0,37.0,50.0,50.0,75.0,80.0,25.0,37.0,0.0,55.0,69.0,27.0,100.0,30.0,50.0,57.0,0.0,71.0
Gerber Alain,0.0,0.0,0.0,100.0,0.0,0.0,0.0,0.0,0.0,,,0.0,0.0,0.0,,,,,,,,
Ebner Leo,,,,,,,,,,,,,,,0.0,,,,,,,
Zuege Jan,,,,,100.0,,0.0,,,,,,33.0,0.0,0.0,25.0,25.0,75.0,0.0,50.0,100.0,33.0
Stettler Nils,77.0,21.0,80.0,57.0,75.0,80.0,61.0,36.0,40.0,78.0,40.0,54.0,92.0,60.0,,,,44.0,,,,66.0
Stettler Luc,,0.0,,0.0,0.0,,,,,,,0.0,50.0,50.0,0.0,,100.0,,0.0,,,
Stettler Jan,80.0,46.0,42.0,50.0,57.0,50.0,54.0,50.0,71.0,42.0,46.0,77.0,75.0,,,28.0,,,,,,
Rudin Sebastian,,,,,,,,,,,,,,,,,,100.0,0.0,0.0,,
Baumann Yanic,100.0,50.0,80.0,0.0,66.0,33.0,0.0,100.0,75.0,100.0,100.0,0.0,100.0,100.0,63.0,83.0,66.0,70.0,66.0,68.0,62.0,42.0
Brenzikofer André,0.0,0.0,0.0,0.0,,,,0.0,0.0,0.0,0.0,0.0,0.0,0.0,0.0,0.0,0.0,100.0,0.0,0.0,,0.0
Kiener Nils,,,,,,,,,,,,,,,0.0,,,50.0,,,,
Plüss Thierry,,,0.0,,,,,,,,,,,0.0,66.0,,,75.0,20.0,66.0,0.0,50.0
Schmutz Lukas,,,,,0.0,0.0,0.0,,,0.0,0.0,,,,,0.0,0.0,0.0,0.0,0.0,0.0,0.0
Recher Jan,85.0,83.0,62.0,85.0,50.0,60.0,75.0,75.0,100.0,100.0,28.0,60.0,80.0,83.0,,50.0,66.0,,,,,80.0
