SPIELER,18_09_01,18_09_08,18_09_15,18_09_22,18_10_13,18_11_03,18_11_17,18_11_24,18_12_01,18_12_08,18_12_15,19_01_19,19_01_27,19_02_02,19_02_09,19_03_02,19_03_03,19_03_16,19_03_23,19_03_31,19_04_06,19_04_13
Karlen Lionel,0.0,0.0,0.0,0.0,0.0,0.0,0.0,0.0,0.0,0.0,0.0,0.0,0.0,0.0,0.0,,0.0,,,0.0,0.0,0.0
Römer Leandro,,,,,,,,,,,,,,,0.0,,0.0,0.0,0.0,0.0,,0.0
Targise Giuliano,,,,,,,,,,,,,,,,0.0,0.0,,0.0,,0.0,
Römer Flavian,0.0,0.0,0.0,0.0,0.0,0.0,0.0,0.0,0.0,0.0,0.0,0.0,0.0,0.0,0.0,0.0,0.0,0.0,0.0,0.0,0.0,0.0
Gerber Marc,0.0,,,,,,0.0,,,,,,,0.0,0.0,0.0,0.0,0.0,0.0,0.0,,
Kuster Noël,0.0,0.0,0.0,1.0,,0.0,0.0,0.0,0.0,0.0,0.0,0.0,0.0,0.0,,0.0,0.0,,0.0,0.0,0.0,0.0
Christen Keanu,0.0,0.0,0.0,0.0,0.0,0.0,0.0,0.0,0.0,0.0,0.0,0.0,0.0,0.0,0.0,0.0,0.0,0.0,,0.0,,0.0
Steger Matteo,0.0,0.0,0.0,0.0,,0.0,,0.0,0.0,0.0,0.0,0.0,,,,0.0,,,,,,
Roth Alexander,,0.0,,0.0,0.0,0.0,,0.0,0.0,0.0,0.0,0.0,0.0,,0.0,0.0,,0.0,0.0,0.0,0.0,0.0
Schweizer Micha,0.0,0.0,0.0,0.0,0.0,0.0,0.0,0.0,0.0,0.0,0.0,,,,,,,,,,,
Marti Rouven,0.0,,0.0,,0.0,0.0,0.0,0.0,0.0,0.0,0.0,0.0,0.0,0.0,0.0,0.0,0.0,0.0,0.0,0.0,0.0,0.0
Gerber Alain,0.0,0.0,0.0,0.0,0.0,0.0,0.0,0.0,0.0,,,0.0,0.0,0.0,,,,,,,,
Ebner Leo,,,,,,,,,,,,,,,0.0,,,,,,,
Zuege Jan,,,,,0.0,,0.0,,,,,,0.0,0.0,0.0,0.0,0.0,0.0,0.0,0.0,0.0,0.0
Stettler Nils,0.0,0.0,0.0,0.0,0.0,0.0,0.0,0.0,0.0,0.0,0.0,0.0,0.0,0.0,,,,0.0,,,,0.0
Stettler Luc,,0.0,,0.0,0.0,,,,,,,0.0,0.0,0.0,0.0,,0.0,,0.0,,,
Stettler Jan,0.0,0.0,0.0,0.0,0.0,0.0,0.0,0.0,0.0,0.0,0.0,0.0,0.0,,,0.0,,,,,,
Rudin Sebastian,,,,,,,,,,,,,,,,,,0.0,0.0,0.0,,
Baumann Yanic,0.0,0.0,0.0,0.0,0.0,0.0,0.0,0.0,0.0,0.0,0.0,0.0,0.0,0.0,0.0,0.0,0.0,0.0,0.0,0.0,0.0,0.0
Brenzikofer André,0.0,0.0,0.0,0.0,,,,0.0,0.0,0.0,0.0,0.0,0.0,0.0,0.0,0.0,0.0,0.0,0.0,0.0,,0.0
Kiener Nils,,,,,,,,,,,,,,,0.0,,,0.0,,,,
Plüss Thierry,,,0.0,,,,,,,,,,,0.0,0.0,,,0.0,0.0,0.0,0.0,0.0
Schmutz Lukas,,,,,0.0,0.0,0.0,,,0.0,0.0,,,,,0.0,0.0,0.0,0.0,0.0,0.0,0.0
Recher Jan,0.0,0.0,0.0,0.0,0.0,0.0,0.0,0.0,0.0,0.0,0.0,0.0,0.0,0.0,,0.0,0.0,,,,,0.0
