SPIELER,18_09_01,18_09_08,18_09_15,18_09_29,18_10_07,18_10_14,18_10_20,18_11_04,18_11_10,18_11_17,18_11_25,18_12_01,18_12_08,18_12_15,19_01_11,19_01_26,19_02_03,19_02_09,19_02_16,19_02_23,19_03_02,19_03_09,19_03_16,19_03_22,19_03_30,19_04_06,19_04_27,19_05_04
Baumgartner Serafin,,,,,75.0,50.0,,,,100.0,100.0,50.0,0.0,,50.0,,75.0,50.0,0.0,83.0,,20.0,,,,,,
Manz Remo,0.0,0.0,0.0,0.0,0.0,0.0,0.0,,0.0,0.0,0.0,,0.0,0.0,0.0,,,,,0.0,0.0,0.0,,0.0,,0.0,0.0,0.0
Lindner Jorden,,,40.0,66.0,0.0,0.0,,,,,100.0,,,,,0.0,,,,77.0,66.0,,50.0,0.0,50.0,100.0,0.0,0.0
Glücki Valentin,,50.0,60.0,,,75.0,66.0,50.0,75.0,55.0,66.0,100.0,80.0,16.0,,,,,,,,,,,,,,
Antonietti Claudio,,,,,,,,,,,,,,,,57.0,,,,,0.0,,0.0,33.0,,,100.0,
van den Nobelen Timon,0.0,44.0,33.0,100.0,,,0.0,50.0,,0.0,0.0,,,20.0,,0.0,,50.0,,40.0,,,,,25.0,,33.0,50.0
Ruef Mauro,,,100.0,80.0,66.0,,50.0,100.0,33.0,,,,,,0.0,,50.0,100.0,100.0,33.0,77.0,0.0,0.0,20.0,20.0,42.0,40.0,100.0
Chernov Ivan,,,,,,,,,40.0,,,0.0,,54.0,0.0,75.0,72.0,40.0,60.0,,44.0,37.0,77.0,41.0,,50.0,,
Meier Joris,,,33.0,,50.0,16.0,66.0,,100.0,,50.0,,0.0,40.0,,,,0.0,62.0,60.0,,,,,,,,
Gobeli Sven,,,,,,,,,,,,,,,0.0,0.0,0.0,0.0,0.0,0.0,0.0,0.0,0.0,0.0,0.0,,0.0,0.0
Zehr Tobias,33.0,100.0,0.0,50.0,50.0,0.0,100.0,0.0,66.0,100.0,0.0,50.0,83.0,50.0,0.0,0.0,0.0,100.0,0.0,,,,,,0.0,,,
Schär Nicola,0.0,16.0,40.0,50.0,50.0,0.0,33.0,100.0,100.0,40.0,50.0,100.0,66.0,0.0,0.0,66.0,0.0,33.0,66.0,50.0,0.0,0.0,60.0,0.0,42.0,0.0,33.0,66.0
Kiener Lars,,,,,33.0,66.0,66.0,,57.0,50.0,33.0,0.0,66.0,50.0,,,40.0,,0.0,66.0,75.0,75.0,,,,33.0,,
Schenk Adrian,,,,,,,,50.0,40.0,0.0,0.0,0.0,25.0,66.0,33.0,0.0,50.0,,100.0,,,0.0,100.0,0.0,50.0,0.0,,0.0
Wyttenbach Ivan,83.0,,,75.0,,,,,,,,,,,,,,,,,,,,,,,,
Giannoni Raffaele,,50.0,,100.0,,,0.0,,,,,,,,,,,,,,,,,,,,,
Sorgen Janick,,,,,,,,,,,,,,,80.0,,,,,,,,,,,,,
Manse Cedric,,,,,,,,,,,,,,,50.0,,,,,,,50.0,,,,,,
Forrer Steven,37.0,25.0,,,,,,,,,,,,,,85.0,28.0,60.0,42.0,0.0,0.0,50.0,62.0,55.0,50.0,60.0,66.0,60.0
Stettler Nils,,,,,,,,,,,,,,,,,,,,,,,,,,,75.0,
Schwab Yannick,,,,25.0,0.0,75.0,50.0,,100.0,,83.0,50.0,,100.0,,50.0,80.0,50.0,50.0,83.0,100.0,83.0,66.0,100.0,80.0,0.0,,
Stettler Ramon,,,,0.0,,,,,,,,0.0,,,,0.0,0.0,0.0,0.0,,,,0.0,,100.0,0.0,,
Meier Aaron,,,,,66.0,25.0,60.0,0.0,,62.0,,53.0,25.0,50.0,50.0,,60.0,71.0,0.0,60.0,75.0,50.0,100.0,33.0,,0.0,,
Stettler Jan,,,,,,,,,,,,,,,,,,,,,,,,,,,50.0,
Lutz Nico,,,,,,,,,,,,,,,75.0,,,,,,,,,,,,,
Gurtner Nicolas,,,,,,,,,,,,,,,,,,0.0,,,,,100.0,0.0,,,0.0,50.0
Bunke Seraphin,75.0,0.0,100.0,100.0,0.0,100.0,,60.0,,100.0,,50.0,60.0,,0.0,0.0,0.0,66.0,,0.0,0.0,,0.0,,,,,0.0
Lory Elias,71.0,60.0,53.0,100.0,44.0,37.0,72.0,57.0,66.0,62.0,53.0,70.0,28.0,,76.0,50.0,100.0,,,,42.0,100.0,40.0,50.0,20.0,90.0,,
Antonietti Sandro,100.0,66.0,100.0,100.0,100.0,0.0,100.0,60.0,50.0,50.0,,66.0,0.0,0.0,,,,,,,,,,,,0.0,,
Stüdle Nicolas,71.0,100.0,,,,,,0.0,50.0,33.0,50.0,,50.0,100.0,,,,,100.0,100.0,0.0,66.0,,100.0,0.0,83.0,66.0,66.0
Schöni Gregory,100.0,50.0,0.0,100.0,,,,0.0,,,,,,,,0.0,,,,,,,,,0.0,,75.0,75.0
Zuege Tim,,,,,,,,0.0,,,,,,,,,,,,,,,,,,,,
Recher Jan,,,,,,,,,,,,,,,,,,,,,,,,,,,80.0,0.0
Gruber Nino,75.0,,,,,,,,,,,,,,,,,,,,,,,,,,,
Hug Dominique,0.0,0.0,0.0,,0.0,0.0,0.0,0.0,0.0,0.0,0.0,0.0,0.0,0.0,,,,,,,,,,,,,,
