SPIELER,18_09_01,18_09_08,18_09_15,18_09_29,18_10_07,18_10_14,18_10_20,18_11_04,18_11_10,18_11_17,18_11_25,18_12_01,18_12_08,18_12_15,19_01_11,19_01_26,19_02_03,19_02_09,19_02_16,19_02_23,19_03_02,19_03_09,19_03_16,19_03_22,19_03_30,19_04_06,19_04_27,19_05_04
Baumgartner Serafin,,,,,0.0,0.0,,,,0.0,0.0,0.0,0.0,,0.0,,0.0,0.0,1.0,0.0,,1.0,,,,,,
Manz Remo,0.0,0.0,0.0,0.0,0.0,0.0,0.0,,0.0,0.0,0.0,,0.0,0.0,0.0,,,,,0.0,0.0,0.0,,0.0,,0.0,0.0,0.0
Lindner Jorden,,,1.0,0.0,0.0,0.0,,,,,0.0,,,,,0.0,,,,1.0,0.0,,0.0,1.0,0.0,0.0,0.0,0.0
Glücki Valentin,,0.0,0.0,,,0.0,0.0,1.0,0.0,0.0,0.0,1.0,0.0,0.0,,,,,,,,,,,,,,
Antonietti Claudio,,,,,,,,,,,,,,,,0.0,,,,,0.0,,0.0,0.0,,,0.0,
van den Nobelen Timon,0.0,0.0,0.0,0.0,,,0.0,0.0,,0.0,0.0,,,0.0,,0.0,,0.0,,0.0,,,,,0.0,,1.0,1.0
Ruef Mauro,,,0.0,0.0,0.0,,0.0,0.0,0.0,,,,,,0.0,,0.0,0.0,0.0,0.0,0.0,0.0,0.0,0.0,1.0,0.0,0.0,0.0
Chernov Ivan,,,,,,,,,0.0,,,0.0,,1.0,1.0,1.0,1.0,0.0,0.0,,1.0,0.0,1.0,0.0,,1.0,,
Meier Joris,,,0.0,,0.0,1.0,0.0,,0.0,,0.0,,0.0,0.0,,,,1.0,0.0,0.0,,,,,,,,
Gobeli Sven,,,,,,,,,,,,,,,0.0,0.0,0.0,0.0,0.0,0.0,0.0,0.0,0.0,0.0,0.0,,0.0,0.0
Zehr Tobias,0.0,0.0,1.0,0.0,0.0,1.0,0.0,0.0,0.0,0.0,0.0,1.0,0.0,0.0,0.0,0.0,0.0,1.0,0.0,,,,,,0.0,,,
Schär Nicola,0.0,0.0,0.0,0.0,0.0,0.0,0.0,0.0,1.0,0.0,1.0,0.0,1.0,0.0,0.0,0.0,0.0,0.0,0.0,0.0,0.0,0.0,0.0,0.0,0.0,0.0,0.0,0.0
Kiener Lars,,,,,0.0,0.0,0.0,,0.0,0.0,0.0,0.0,0.0,0.0,,,0.0,,0.0,0.0,0.0,0.0,,,,0.0,,
Schenk Adrian,,,,,,,,0.0,1.0,0.0,1.0,0.0,1.0,0.0,1.0,0.0,0.0,,0.0,,,0.0,0.0,0.0,0.0,0.0,,0.0
Wyttenbach Ivan,0.0,,,0.0,,,,,,,,,,,,,,,,,,,,,,,,
Giannoni Raffaele,,1.0,,0.0,,,1.0,,,,,,,,,,,,,,,,,,,,,
Sorgen Janick,,,,,,,,,,,,,,,0.0,,,,,,,,,,,,,
Manse Cedric,,,,,,,,,,,,,,,0.0,,,,,,,0.0,,,,,,
Forrer Steven,1.0,0.0,,,,,,,,,,,,,,1.0,0.0,0.0,1.0,1.0,0.0,1.0,0.0,1.0,0.0,1.0,1.0,0.0
Stettler Nils,,,,,,,,,,,,,,,,,,,,,,,,,,,0.0,
Schwab Yannick,,,,1.0,0.0,0.0,0.0,,0.0,,0.0,0.0,,0.0,,0.0,1.0,0.0,0.0,0.0,0.0,0.0,0.0,0.0,0.0,0.0,,
Stettler Ramon,,,,0.0,,,,,,,,0.0,,,,0.0,0.0,0.0,0.0,,,,0.0,,0.0,0.0,,
Meier Aaron,,,,,1.0,0.0,0.0,0.0,,0.0,,0.0,0.0,1.0,0.0,,0.0,0.0,0.0,1.0,1.0,1.0,1.0,0.0,,0.0,,
Stettler Jan,,,,,,,,,,,,,,,,,,,,,,,,,,,0.0,
Lutz Nico,,,,,,,,,,,,,,,0.0,,,,,,,,,,,,,
Gurtner Nicolas,,,,,,,,,,,,,,,,,,0.0,,,,,0.0,0.0,,,0.0,0.0
Bunke Seraphin,0.0,0.0,0.0,1.0,1.0,0.0,,0.0,,0.0,,0.0,1.0,,1.0,0.0,0.0,0.0,,0.0,0.0,,0.0,,,,,0.0
Lory Elias,0.0,0.0,0.0,1.0,0.0,1.0,0.0,1.0,0.0,1.0,0.0,0.0,0.0,,0.0,0.0,0.0,,,,0.0,0.0,0.0,0.0,0.0,0.0,,
Antonietti Sandro,0.0,1.0,1.0,0.0,1.0,0.0,1.0,1.0,0.0,0.0,,1.0,0.0,0.0,,,,,,,,,,,,0.0,,
Stüdle Nicolas,1.0,0.0,,,,,,0.0,0.0,1.0,1.0,,0.0,1.0,,,,,0.0,0.0,0.0,0.0,,0.0,0.0,0.0,0.0,1.0
Schöni Gregory,0.0,0.0,0.0,0.0,,,,0.0,,,,,,,,0.0,,,,,,,,,0.0,,1.0,1.0
Zuege Tim,,,,,,,,0.0,,,,,,,,,,,,,,,,,,,,
Recher Jan,,,,,,,,,,,,,,,,,,,,,,,,,,,0.0,0.0
Gruber Nino,1.0,,,,,,,,,,,,,,,,,,,,,,,,,,,
Hug Dominique,0.0,0.0,0.0,,0.0,0.0,0.0,0.0,0.0,0.0,0.0,0.0,0.0,0.0,,,,,,,,,,,,,,
