SPIELER,18_08_30,18_09_01,18_09_12,18_09_20,18_09_22,18_10_02,18_10_06,18_10_10,18_10_13,18_10_31,18_11_07,18_11_18,18_11_21,18_11_29,18_12_02,18_12_09,18_12_12,18_12_16,19_01_31,19_02_07,19_02_16,19_02_23,19_03_02,19_03_06,19_03_13,19_03_24,19_03_30,19_04_04,19_04_16,19_04_18,19_04_21,19_04_23,19_04_25,19_04_28,19_05_02,19_05_05,19_05_09
Holm Phillip,37.0,66.0,66.0,,40.0,100.0,,33.0,,42.0,33.0,60.0,0.0,,25.0,33.0,0.0,75.0,11.0,46.0,40.0,0.0,0.0,50.0,25.0,,25.0,14.0,,,,,,,,,
Wyss Dominique,,,0.0,,,100.0,,,,,,,,,,,,,,,,,,,,,,,,,,,,,,,
Caspar Roman,,,,,,,,,,0.0,75.0,0.0,66.0,0.0,0.0,,50.0,66.0,75.0,0.0,50.0,50.0,0.0,33.0,0.0,,,,,,,,,,,,
Christinat Joël,,,100.0,,,,,,,0.0,0.0,50.0,0.0,,,,,,,0.0,,,0.0,,,,,,,,,,,,,,
Holm Phillip Tandrup,,,,54.0,,,40.0,,20.0,,,,,55.0,,,,,,,,,,,,,,,,,,,,,,,
Arnosti Christian,,,,0.0,0.0,,0.0,0.0,0.0,,,,,,,,,,,,,,,,,,,,,,,,,,,,
Dähler Jonas,77.0,100.0,50.0,80.0,66.0,85.0,60.0,50.0,,,,100.0,80.0,66.0,66.0,0.0,75.0,80.0,83.0,85.0,100.0,83.0,33.0,25.0,75.0,0.0,66.0,0.0,33.0,66.0,100.0,66.0,50.0,75.0,50.0,33.0,75.0
Krainer Sven,0.0,50.0,50.0,0.0,0.0,50.0,0.0,66.0,0.0,50.0,,,,,,0.0,,50.0,100.0,0.0,0.0,0.0,100.0,100.0,0.0,100.0,100.0,66.0,0.0,33.0,100.0,0.0,0.0,33.0,50.0,100.0,0.0
Wick Flavio,0.0,0.0,0.0,0.0,0.0,0.0,0.0,0.0,0.0,0.0,0.0,0.0,0.0,0.0,0.0,0.0,0.0,0.0,0.0,0.0,0.0,0.0,0.0,0.0,0.0,0.0,0.0,0.0,0.0,0.0,0.0,100.0,0.0,0.0,100.0,0.0,0.0
Delhees Ron,50.0,33.0,62.0,55.0,60.0,50.0,54.0,33.0,55.0,,,,,,,,,,,,,,,,,,,,,,,,,,,,
Wyttenbach Ivan,100.0,100.0,83.0,50.0,66.0,75.0,100.0,75.0,66.0,70.0,60.0,53.0,42.0,66.0,66.0,80.0,75.0,88.0,63.0,60.0,50.0,63.0,50.0,66.0,83.0,75.0,55.0,63.0,75.0,75.0,83.0,42.0,72.0,40.0,60.0,50.0,71.0
Winkler Marc,0.0,0.0,,,,,,,,0.0,0.0,0.0,0.0,0.0,0.0,0.0,0.0,0.0,0.0,0.0,0.0,0.0,0.0,0.0,0.0,0.0,0.0,0.0,0.0,0.0,0.0,100.0,100.0,0.0,0.0,0.0,0.0
Huwyler Simon,100.0,0.0,0.0,0.0,50.0,50.0,0.0,0.0,0.0,100.0,0.0,0.0,100.0,0.0,100.0,0.0,0.0,0.0,0.0,0.0,50.0,0.0,0.0,0.0,0.0,0.0,0.0,0.0,33.0,66.0,50.0,0.0,0.0,0.0,0.0,0.0,50.0
Lanz Thomas,57.0,50.0,100.0,60.0,100.0,100.0,66.0,0.0,100.0,100.0,50.0,100.0,50.0,60.0,66.0,75.0,50.0,83.0,100.0,83.0,66.0,100.0,33.0,50.0,,,,,100.0,50.0,0.0,100.0,0.0,60.0,0.0,100.0,75.0
Raemy Nicolas,33.0,81.0,,,,,,,,,,,,71.0,50.0,33.0,69.0,87.0,69.0,14.0,63.0,72.0,44.0,57.0,40.0,66.0,0.0,,60.0,100.0,87.0,50.0,,,66.0,63.0,25.0
Sorgen Janick,,,,,,,,,,,,,,,,,,,,,,,0.0,,,,,,,100.0,50.0,0.0,0.0,0.0,0.0,0.0,
Manse Cedric,,,,,,,,,50.0,,,,,50.0,66.0,,0.0,,,,,0.0,,,,75.0,0.0,0.0,100.0,25.0,100.0,100.0,0.0,50.0,100.0,80.0,100.0
Linder Luca,,,,,,50.0,0.0,0.0,,,,,,,,,,,,,,,,0.0,50.0,33.0,71.0,100.0,100.0,50.0,50.0,50.0,100.0,50.0,100.0,66.0,50.0
Lutz Nico,,,,,,,,,,,0.0,,,,,,,,,,,,,,,,,,,,,,,,,,
Suter Nicolas,66.0,75.0,77.0,50.0,62.0,50.0,66.0,42.0,85.0,85.0,100.0,75.0,76.0,33.0,50.0,50.0,80.0,100.0,,,,0.0,,80.0,75.0,100.0,0.0,,50.0,83.0,50.0,75.0,45.0,66.0,100.0,100.0,66.0
Friedli Reto,0.0,0.0,66.0,50.0,0.0,100.0,66.0,33.0,50.0,100.0,0.0,0.0,66.0,100.0,100.0,100.0,66.0,50.0,0.0,0.0,0.0,75.0,42.0,100.0,100.0,100.0,66.0,100.0,0.0,0.0,100.0,40.0,100.0,100.0,0.0,50.0,50.0
Lüthi Dario,,,,,,,,,,,,,,,,,,,,,0.0,0.0,,,0.0,50.0,,50.0,0.0,,,,0.0,0.0,,,0.0
Huwyler Stefan,0.0,0.0,0.0,0.0,0.0,0.0,0.0,0.0,0.0,0.0,0.0,100.0,100.0,0.0,100.0,50.0,100.0,100.0,100.0,0.0,100.0,0.0,0.0,100.0,100.0,100.0,33.0,0.0,0.0,100.0,0.0,100.0,0.0,100.0,100.0,0.0,0.0
Guignet Damien,100.0,100.0,,0.0,50.0,80.0,0.0,,0.0,50.0,85.0,75.0,25.0,33.0,50.0,0.0,50.0,33.0,100.0,,,,,,,,66.0,85.0,33.0,50.0,100.0,60.0,42.0,33.0,50.0,75.0,16.0
Felder Gabriel,,,100.0,0.0,0.0,33.0,0.0,0.0,100.0,50.0,60.0,60.0,0.0,100.0,100.0,75.0,0.0,,0.0,0.0,50.0,0.0,66.0,100.0,50.0,50.0,,0.0,33.0,100.0,100.0,0.0,0.0,33.0,50.0,50.0,50.0
Giovanelli Marco,0.0,0.0,66.0,0.0,0.0,33.0,0.0,0.0,0.0,0.0,33.0,0.0,0.0,0.0,0.0,50.0,0.0,100.0,0.0,0.0,0.0,,,0.0,,0.0,75.0,25.0,,,,,,,,,
Gruber Nino,0.0,80.0,50.0,0.0,,,,,,0.0,0.0,83.0,50.0,,,100.0,,100.0,100.0,0.0,0.0,,0.0,,0.0,50.0,,75.0,,,,,,,,,
