SPIELER,18_09_01,18_09_08,18_09_22,18_10_14,18_11_03,18_11_17,18_11_24,18_12_01,18_12_08,18_12_15,19_01_19,19_01_26,19_02_02,19_02_09,19_03_02,19_03_03,19_03_16,19_03_23,19_03_30,19_04_06,19_04_07,19_04_13
Römer Leandro,100.0,100.0,0.0,83.0,50.0,33.0,80.0,75.0,50.0,50.0,50.0,50.0,50.0,50.0,100.0,50.0,100.0,,,100.0,100.0,
Pena Perez Dave,0.0,0.0,0.0,0.0,0.0,,,,,,,0.0,0.0,0.0,0.0,0.0,0.0,0.0,0.0,,0.0,
Aebi Fabian,,0.0,100.0,100.0,,40.0,,33.0,100.0,50.0,50.0,,,0.0,50.0,0.0,50.0,40.0,100.0,66.0,66.0,50.0
Zahm Justin,,,100.0,,50.0,,33.0,40.0,0.0,,50.0,,50.0,50.0,60.0,44.0,,57.0,50.0,75.0,75.0,62.0
Hermann Janis,0.0,0.0,75.0,0.0,25.0,0.0,0.0,100.0,50.0,100.0,,0.0,,20.0,,0.0,100.0,,0.0,0.0,0.0,50.0
Marthaler Ivan,,,,,,,,0.0,,,,,,,,,,,,,,
Baumann Joshua,,,100.0,0.0,0.0,,0.0,100.0,,0.0,50.0,,0.0,0.0,0.0,100.0,,0.0,100.0,,66.0,100.0
Weibel Andrin,,,,,,,,,0.0,0.0,0.0,,,,,,,,,,,
Zwicky Andrin,0.0,0.0,,0.0,0.0,0.0,,0.0,100.0,,0.0,0.0,0.0,,100.0,75.0,50.0,0.0,100.0,100.0,100.0,100.0
Oliveira Amaral Joel,,,,,,,,0.0,,,,,,,,,,,,,,
Rusch David,0.0,0.0,,0.0,,100.0,,,0.0,,0.0,0.0,0.0,,0.0,,,0.0,,0.0,,100.0
Ebner Leo,0.0,0.0,,0.0,0.0,0.0,0.0,0.0,0.0,0.0,0.0,0.0,0.0,0.0,0.0,0.0,0.0,0.0,0.0,0.0,0.0,0.0
Egger David,0.0,25.0,50.0,0.0,16.0,100.0,50.0,,66.0,0.0,0.0,100.0,0.0,33.0,33.0,100.0,0.0,0.0,40.0,,50.0,60.0
Adamina Lorin,0.0,,0.0,,0.0,,0.0,100.0,,100.0,,100.0,0.0,,,,100.0,0.0,100.0,,,75.0
Roth Dominik,,,,0.0,,,,,,,,,,,,,,,,,,100.0
Frischknecht Lasse,,,,,,,,,,0.0,,,,,,,,,,,,
Stettler Luc,68.0,58.0,62.0,62.0,66.0,54.0,52.0,75.0,82.0,33.0,45.0,50.0,60.0,25.0,61.0,75.0,72.0,75.0,75.0,66.0,92.0,
Rudin Sebastian,66.0,100.0,0.0,,50.0,100.0,0.0,100.0,100.0,,0.0,75.0,0.0,0.0,50.0,0.0,100.0,,,66.0,75.0,33.0
Hirsch Elias,,0.0,100.0,,,0.0,0.0,100.0,,75.0,,0.0,,50.0,,,33.0,33.0,0.0,0.0,,16.0
Kiener Nils,80.0,0.0,50.0,0.0,100.0,0.0,0.0,,0.0,0.0,0.0,100.0,33.0,0.0,66.0,80.0,100.0,60.0,60.0,83.0,50.0,50.0
Schranz Louis,33.0,,50.0,100.0,0.0,40.0,66.0,,60.0,0.0,57.0,66.0,0.0,83.0,66.0,66.0,66.0,66.0,50.0,66.0,100.0,25.0
Plüss Thierry,50.0,54.0,,25.0,55.0,61.0,27.0,44.0,83.0,72.0,14.0,60.0,60.0,50.0,45.0,66.0,22.0,62.0,59.0,100.0,44.0,
