SPIELER,18_09_01,18_09_08,18_09_22,18_10_14,18_11_03,18_11_17,18_11_24,18_12_01,18_12_08,18_12_15,19_01_19,19_01_26,19_02_02,19_02_09,19_03_02,19_03_03,19_03_16,19_03_23,19_03_30,19_04_06,19_04_07,19_04_13
Römer Leandro,3.0,1.0,1.0,2.0,0.0,1.0,1.0,0.0,2.0,4.0,1.0,0.0,0.0,2.0,2.0,2.0,3.0,,,2.0,1.0,
Pena Perez Dave,2.0,0.0,0.0,0.0,1.0,,,,,,,0.0,0.0,1.0,0.0,0.0,0.0,0.0,0.0,,0.0,
Aebi Fabian,,0.0,1.0,1.0,,1.0,,0.0,0.0,3.0,1.0,,,1.0,0.0,0.0,1.0,0.0,1.0,1.0,0.0,3.0
Zahm Justin,,,1.0,,1.0,,0.0,3.0,0.0,,0.0,,0.0,0.0,1.0,2.0,,3.0,1.0,2.0,0.0,2.0
Hermann Janis,0.0,0.0,1.0,0.0,0.0,0.0,0.0,2.0,1.0,1.0,,0.0,,0.0,,0.0,0.0,,0.0,0.0,1.0,1.0
Marthaler Ivan,,,,,,,,0.0,,,,,,,,,,,,,,
Baumann Joshua,,,0.0,0.0,0.0,,0.0,1.0,,0.0,0.0,,1.0,0.0,1.0,0.0,,0.0,0.0,,2.0,0.0
Weibel Andrin,,,,,,,,,0.0,0.0,0.0,,,,,,,,,,,
Zwicky Andrin,1.0,2.0,,2.0,3.0,2.0,,4.0,1.0,,2.0,0.0,0.0,,0.0,1.0,5.0,1.0,3.0,6.0,1.0,1.0
Oliveira Amaral Joel,,,,,,,,0.0,,,,,,,,,,,,,,
Rusch David,0.0,1.0,,0.0,,0.0,,,0.0,,0.0,1.0,0.0,,0.0,,,2.0,,0.0,,0.0
Ebner Leo,0.0,0.0,,0.0,0.0,0.0,0.0,0.0,0.0,0.0,0.0,0.0,1.0,0.0,0.0,0.0,0.0,0.0,0.0,0.0,0.0,0.0
Egger David,0.0,2.0,3.0,1.0,1.0,3.0,1.0,,1.0,2.0,2.0,0.0,0.0,0.0,3.0,1.0,3.0,1.0,1.0,,1.0,2.0
Adamina Lorin,0.0,,0.0,,0.0,,0.0,0.0,,0.0,,0.0,1.0,,,,1.0,1.0,2.0,,,1.0
Roth Dominik,,,,0.0,,,,,,,,,,,,,,,,,,3.0
Frischknecht Lasse,,,,,,,,,,2.0,,,,,,,,,,,,
Stettler Luc,5.0,1.0,0.0,1.0,1.0,2.0,3.0,4.0,4.0,3.0,1.0,2.0,4.0,3.0,1.0,2.0,3.0,4.0,5.0,1.0,0.0,
Rudin Sebastian,2.0,1.0,3.0,,2.0,1.0,0.0,2.0,2.0,,1.0,0.0,1.0,0.0,0.0,0.0,0.0,,,1.0,0.0,3.0
Hirsch Elias,,1.0,0.0,,,0.0,0.0,0.0,,0.0,,0.0,,0.0,,,0.0,0.0,0.0,0.0,,1.0
Kiener Nils,3.0,2.0,4.0,5.0,1.0,1.0,2.0,,0.0,0.0,2.0,0.0,2.0,6.0,0.0,4.0,2.0,0.0,0.0,0.0,3.0,1.0
Schranz Louis,1.0,,1.0,0.0,0.0,2.0,2.0,,1.0,0.0,0.0,1.0,0.0,3.0,0.0,1.0,1.0,1.0,1.0,2.0,1.0,1.0
Plüss Thierry,2.0,3.0,,1.0,1.0,3.0,1.0,7.0,6.0,4.0,4.0,1.0,3.0,4.0,1.0,3.0,4.0,4.0,5.0,1.0,2.0,
