SPIELER,19_08_31,19_09_08,19_09_14,19_09_21,19_09_28,19_10_05,19_10_12,19_11_02,19_11_10,19_11_16,19_11_23,19_11_30,19_12_07,19_12_14,20_01_31,20_02_08,20_02_15,20_02_22,20_02_29,20_03_07
Kocher Roman,,,,,,,,,,,,,,,,0.0,,,0.0,
Christinat Joël,90.0,40.0,21.0,45.0,50.0,33.0,60.0,66.0,85.0,0.0,53.0,68.0,50.0,41.0,20.0,22.0,,,,
Drollinger Yannick,0.0,100.0,0.0,0.0,0.0,0.0,,,,0.0,66.0,,100.0,0.0,100.0,0.0,100.0,100.0,0.0,66.0
Gruber Nino,0.0,100.0,80.0,37.0,0.0,80.0,80.0,20.0,66.0,40.0,55.0,,,,57.0,25.0,53.0,75.0,83.0,83.0
Zuege Tim,0.0,0.0,0.0,,0.0,0.0,0.0,0.0,0.0,0.0,0.0,0.0,0.0,0.0,0.0,,0.0,0.0,0.0,0.0
Scheidegger Roman,25.0,0.0,100.0,0.0,100.0,100.0,100.0,100.0,50.0,50.0,0.0,100.0,75.0,100.0,0.0,25.0,100.0,50.0,66.0,20.0
Chernov Ivan,44.0,60.0,0.0,,,100.0,63.0,37.0,63.0,33.0,0.0,50.0,0.0,,50.0,25.0,,,84.0,56.0
Stebler Urs,25.0,40.0,75.0,57.0,0.0,,62.0,80.0,0.0,,,50.0,50.0,0.0,,,50.0,50.0,,0.0
Karlen Janes,0.0,100.0,0.0,0.0,83.0,50.0,0.0,66.0,50.0,66.0,42.0,75.0,80.0,100.0,,0.0,0.0,50.0,0.0,0.0
Gerber Alain,,,0.0,0.0,,,,,,,,,,,,,,,,
Sorgen Janick,33.0,,,,,50.0,0.0,50.0,71.0,0.0,0.0,100.0,100.0,83.0,50.0,0.0,87.0,85.0,75.0,25.0
Manse Cedric,,63.0,71.0,,33.0,,,50.0,66.0,77.0,75.0,50.0,,75.0,40.0,70.0,100.0,60.0,33.0,50.0
Schwab Yannick,100.0,66.0,66.0,66.0,0.0,100.0,100.0,100.0,0.0,80.0,0.0,0.0,,0.0,100.0,0.0,66.0,,,
Meier Aaron,,,,0.0,,0.0,,,,,,,0.0,,,,,,,
Stettler Ramon,0.0,0.0,,0.0,100.0,0.0,0.0,0.0,0.0,0.0,0.0,100.0,0.0,0.0,0.0,50.0,0.0,100.0,0.0,0.0
Stettler Jan,,,,,,,,,,,,,,,,,,25.0,0.0,0.0
Lutz Nico,40.0,33.0,60.0,33.0,100.0,25.0,50.0,33.0,40.0,100.0,60.0,100.0,100.0,100.0,100.0,50.0,75.0,33.0,0.0,75.0
Lory Elias,0.0,,,50.0,100.0,50.0,100.0,0.0,57.0,50.0,0.0,0.0,40.0,66.0,33.0,100.0,50.0,50.0,25.0,80.0
Giovanelli Marco,20.0,71.0,25.0,75.0,80.0,42.0,50.0,80.0,66.0,60.0,50.0,50.0,42.0,33.0,50.0,54.0,60.0,0.0,66.0,0.0
Recher Jan,,,,,,,,,,,,,,,0.0,,,,,
Kiener Lars,,0.0,0.0,100.0,33.0,,0.0,,,,,0.0,33.0,50.0,,,,,,
