SPIELER,19_08_31,19_09_08,19_09_14,19_09_21,19_09_28,19_10_05,19_10_12,19_11_02,19_11_10,19_11_16,19_11_23,19_11_30,19_12_07,19_12_14,20_01_31,20_02_08,20_02_15,20_02_22,20_02_29,20_03_07
Kocher Roman,,,,,,,,,,,,,,,,0,,,0,
Christinat Joël,0,0,0,0,0,0,0,0,0,0,0,0,0,0,0,0,,,,
Drollinger Yannick,0,0,0,0,0,0,,,,0,0,,0,0,0,0,0,0,0,0
Gruber Nino,0,0,0,0,0,0,0,0,0,0,0,,,,0,0,0,0,0,0
Zuege Tim,0,0,0,,0,0,0,0,0,0,0,0,0,0,0,,0,0,0,0
Scheidegger Roman,0,0,0,0,0,0,0,0,0,0,0,0,0,0,0,0,0,0,0,0
Chernov Ivan,0,0,0,,,0,0,0,0,0,0,0,0,,0,0,,,0,0
Stebler Urs,0/1,0,0,1/2,0,,3/4,4/4,0,,,0,0,0,,,0,0,,0
Karlen Janes,0,0,0,0/1,0,0,0,0,0,0,0,0,0,0,,0,0,0,0,0
Gerber Alain,,,0,0,,,,,,,,,,,,,,,,
Sorgen Janick,1/2,,,,,2/3,0/1,0,0,0,0,0,1/1,0,0,0,0,1/1,0,0
Manse Cedric,,5/6,2/3,,2/2,,,0/2,1/1,4/5,1/1,2/3,,3/3,2/4,5/6,2/2,2/3,1/2,1/1
Schwab Yannick,0,0,0,0,0,0,0,0,0,0,0,0,,0,0,0,0,,,
Meier Aaron,,,,0,,0,,,,,,,0,,,,,,,
Stettler Ramon,0,0,,0,0,0,0,0,0,0,0,0,0,0,0,0,0,0,0,0
Stettler Jan,,,,,,,,,,,,,,,,,,0,0,0
Lutz Nico,0,0,0,0,0,0,0,0,0,0,0,0,0,0,0,0,0,0,0,0
Lory Elias,0,,,0,0,0,0,0,0,0,0,0,0,0,0,0,0,0,0,0
Giovanelli Marco,0,0,0,0,0,0,0,0,0,0,0,0,0,0,0,0,0,0,0,0
Recher Jan,,,,,,,,,,,,,,,0,,,,,
Kiener Lars,,0,0,0,0,,0,,,,,0,0,0,,,,,,
