KADER,22_10_30,22_09_18,22_12_10,22_11_05,22_11_26,22_10_16,22_09_03,22_09_24,22_10_22,22_10_29,22_12_03,22_09_11,22_11_20
SCHÄRER Julien,40.0,,0.0,,0.0,100.0,0.0,,0.0,83.0,100.0,,0.0
MARTHALER Wanja,,,25.0,47.0,92.0,82.0,,80.0,83.0,,72.0,60.0,76.0
Müller Finn,,,,,,,,,,,0.0,,
ZIMMER Fabrice,55.0,62.0,33.0,10.0,25.0,50.0,44.0,30.0,37.0,41.0,28.0,25.0,50.0
WAHLEN Lukas,,100.0,20.0,,50.0,,0.0,33.0,100.0,20.0,,50.0,33.0
SCHWAB Mirko,,,,,,,,0.0,,,,,
Zimmer Julien,100.0,0.0,,50.0,0.0,0.0,0.0,0.0,33.0,0.0,0.0,0.0,
MARTI Jimmy,0.0,0.0,66.0,100.0,0.0,,0.0,50.0,50.0,,100.0,,0.0
BRAND Cédric,66.0,0.0,75.0,0.0,100.0,,,,,50.0,0.0,0.0,100.0
VON DÄNIKEN Nick,0.0,0.0,66.0,50.0,0.0,0.0,100.0,50.0,50.0,100.0,0.0,0.0,50.0
GAGALICK Karl,0.0,,,0.0,0.0,0.0,,,0.0,0.0,0.0,0.0,0.0
TRÖSCH Finn,80.0,60.0,75.0,0.0,50.0,50.0,,,50.0,0.0,100.0,37.0,100.0
TSCHUMI Julian,33.0,20.0,0.0,0.0,0.0,50.0,50.0,0.0,50.0,0.0,50.0,66.0,0.0
RÖLLI Mael,50.0,0.0,100.0,50.0,,57.0,0.0,66.0,0.0,,,50.0,100.0
GWERDER Silas,,,,0.0,,100.0,100.0,,100.0,0.0,0.0,0.0,100.0
LEHMANN Nils,,,0.0,,,,,,,,0.0,,0.0
VON ALLMEN Ramon,,,,,,,,75.0,,,,,
REUSSER Tamaro,,0.0,0.0,0.0,0.0,0.0,0.0,,0.0,,0.0,0.0,0.0
SCHWEIZER Jonas,55.0,40.0,,40.0,,55.0,62.0,62.0,50.0,0.0,,0.0,
LAGGER Nico,,0.0,0.0,,,,100.0,,,,,,
