KADER,22_09_03,22_09_11,22_09_18,22_09_24,22_10_16,22_10_22,22_10_29,22_10_30,22_11_05,22_11_20,22_11_26,22_12_03,22_12_10,22_12_17
REUSSER TAMARO,0.0,1.0,0.0,,0.0,0.0,,,1.0,0.0,0.0,0.0,1.0,0.0
SCHWEIZER JONAS,2.0,4.0,1.0,3.0,2.0,1.0,5.0,2.0,3.0,,,,,
MARTI JIMMY,1.0,,1.0,0.0,,1.0,,1.0,0.0,0.0,2.0,0.0,0.0,1.0
LAGGER NICO,2.0,,2.0,,,,,,,,,,0.0,
GAGALICK KARL,,1.0,,,0.0,0.0,1.0,2.0,0.0,0.0,0.0,0.0,,0.0
SCHWAB MIRKO,,,,1.0,,,,,,,,,,
VON DÄNIKEN NICK,2.0,0.0,4.0,3.0,0.0,2.0,3.0,0.0,0.0,1.0,1.0,0.0,1.0,2.0
TRÖSCH FINN,,12.0,1.0,,0.0,2.0,11.0,5.0,6.0,4.0,3.0,2.0,0.0,6.0
ZIMMER FABRICE,1.0,5.0,5.0,4.0,1.0,5.0,6.0,3.0,7.0,8.0,4.0,9.0,7.0,7.0
MÜLLER FINN,,,,,,,,,,,,0.0,,
BRAND CÉDRIC,,1.0,2.0,,,,0.0,0.0,0.0,0.0,2.0,2.0,1.0,
TSCHUMI JULIAN,2.0,8.0,5.0,2.0,0.0,3.0,4.0,6.0,9.0,3.0,4.0,0.0,6.0,7.0
WAHLEN LUKAS,0.0,3.0,3.0,0.0,,1.0,0.0,,,0.0,1.0,,3.0,
ZIMMER JULIEN,1.0,0.0,0.0,0.0,0.0,2.0,0.0,0.0,0.0,,1.0,0.0,,0.0
LEHMANN NILS,,,,,,,,,,2.0,,1.0,0.0,0.0
ZBINDEN LENNY,,,,,,,,,,,,,,1.0
SCHÄRER JULIEN,0.0,,,,0.0,5.0,3.0,3.0,,0.0,4.0,4.0,1.0,
VON ALLMEN RAMON,,,,0.0,,,,,,,,,,
RÖLLI MAEL,4.0,0.0,3.0,1.0,0.0,1.0,,1.0,2.0,0.0,,,1.0,2.0
MARTHALER WANJA,,10.0,,5.0,0.0,4.0,,,6.0,8.0,7.0,9.0,0.0,6.0
GWERDER SILAS,0.0,0.0,,,0.0,2.0,0.0,,1.0,0.0,,2.0,,1.0
