KADER,22_11_02,22_09_17,22_08_28,22_11_26,22_12_04,22_10_22,22_11_20,22_08_28,22_09_11,22_12_10,22_10_29,22_10_27,22_11_13,22_09_04
CAVIEZEL Tim,,0.0,,,,,,,0.0,,,,,
Waber Gian,,,0.0,,,,,0.0,,,,,,
CASPAR Simon,,42.0,,,42.0,,,,0.0,66.0,,,,75.0
FRISCHKNECHT Lasse,,30.0,0.0,75.0,28.0,64.0,25.0,75.0,66.0,44.0,,0.0,50.0,50.0
LIECHTI Björn,100.0,50.0,0.0,0.0,0.0,100.0,0.0,0.0,100.0,66.0,50.0,33.0,25.0,0.0
NEIGER Dominic,62.0,60.0,40.0,77.0,70.0,54.0,80.0,40.0,55.0,40.0,71.0,60.0,54.0,60.0
Hodler Fynn,,,0.0,,,,,0.0,,,,,,
Caspar Simon,,,100.0,,,,,0.0,,,,,,
Strikcani Artan,,,0.0,,,,,0.0,,,,,,
ZIMMER Fabrice,,,,,,,,,,,0.0,,,
STRIKCANI Artan,0.0,,,0.0,50.0,,66.0,,0.0,75.0,,,100.0,100.0
Lehmann David,,,0.0,,,,,0.0,,,,,,
Marthaler Ivan,,,100.0,,,,,100.0,,,,,,
HODLER Fynn,0.0,0.0,,0.0,0.0,0.0,0.0,,0.0,0.0,0.0,0.0,0.0,0.0
CALARESU Noè,0.0,,,,,0.0,100.0,,,,,0.0,0.0,
WABER Gian,,80.0,,,,,,,100.0,0.0,,,,33.0
Knöri Niklas,,,0.0,,,,,100.0,,,,,,
MARTHALER Wanja,,,,0.0,,50.0,,,,100.0,,,,
LEUENBERGER Timon,0.0,0.0,0.0,0.0,0.0,0.0,0.0,0.0,,0.0,0.0,0.0,0.0,
SOMMER Luca,,,,,,,,,0.0,,,,,0.0
Caviezel Tim,,,0.0,,,,,,,,,,,
MARTHALER Ivan,87.0,,,58.0,,50.0,40.0,,50.0,,72.0,33.0,50.0,66.0
SCHWEIZER Jonas,,,,,,,,,,,0.0,0.0,,
HAUDENSCHILD Luis,,,0.0,,0.0,,,100.0,,0.0,,,,
Jenni Cédric,,,0.0,,,,,0.0,,,,,,
FREI Mael,0.0,,0.0,,,,,0.0,,,50.0,0.0,,
LEHMANN David,50.0,0.0,,,0.0,66.0,0.0,,0.0,,66.0,0.0,0.0,0.0
LÜTHI Flurin,50.0,,66.0,50.0,0.0,0.0,50.0,0.0,,0.0,50.0,50.0,0.0,50.0
KARLEN Laurent,,,60.0,,0.0,37.0,,50.0,40.0,,,42.0,57.0,50.0
Sommer Luca,,,0.0,,,,,0.0,,,,,,
JENNI Cédric,66.0,,,0.0,0.0,25.0,33.0,,,66.0,50.0,37.0,57.0,
DÄHLER Nicolas,100.0,0.0,0.0,50.0,20.0,,72.0,0.0,33.0,66.0,,,50.0,100.0
KNÖRI Niklas,62.0,0.0,,66.0,75.0,0.0,100.0,,100.0,100.0,57.0,50.0,62.0,0.0
