SPIELER,19_08_31,19_09_01,19_09_14,19_09_21,19_10_20,19_10_27,19_11_02,19_11_16,19_11_24,19_12_07,19_12_14,19_12_21,20_01_12,20_01_19,20_01_26,20_02_08,20_02_15,20_02_23,20_03_01
van den Nobelen Robin,0.0,,50.0,0.0,50.0,0.0,0.0,,100.0,0.0,0.0,75.0,100.0,50.0,100.0,0.0,0.0,50.0,100.0
Lädrach Gregory,50.0,0.0,50.0,0.0,100.0,33.0,0.0,50.0,0.0,0.0,50.0,46.0,,,40.0,40.0,85.0,55.0,0.0
Baumann Joshua,50.0,77.0,46.0,25.0,100.0,60.0,28.0,72.0,75.0,64.0,36.0,33.0,75.0,57.0,90.0,14.0,50.0,72.0,77.0
Karlen Jean-Baptiste,,57.0,,50.0,100.0,0.0,,0.0,66.0,0.0,14.0,66.0,66.0,,100.0,,50.0,100.0,80.0
Neiger Dominic,50.0,0.0,0.0,0.0,0.0,0.0,,0.0,0.0,,100.0,100.0,0.0,0.0,0.0,66.0,0.0,100.0,50.0
Zilic Marko,,0.0,,0.0,0.0,0.0,,0.0,0.0,0.0,0.0,0.0,0.0,,0.0,,0.0,0.0,0.0
Schranz Louis,80.0,54.0,83.0,71.0,66.0,63.0,62.0,33.0,66.0,46.0,12.0,33.0,50.0,50.0,,,,,37.0
Aebi Fabian,81.0,,80.0,92.0,60.0,84.0,70.0,87.0,72.0,50.0,0.0,71.0,66.0,76.0,50.0,22.0,55.0,66.0,100.0
Marthaler Ivan,0.0,20.0,0.0,0.0,0.0,,100.0,0.0,100.0,0.0,50.0,100.0,0.0,0.0,50.0,0.0,50.0,50.0,
Roth Dominik,66.0,0.0,20.0,100.0,75.0,0.0,66.0,75.0,50.0,66.0,100.0,60.0,0.0,80.0,50.0,50.0,83.0,100.0,71.0
Dähler Nicolas,,,,,,,,,,100.0,,,,,,,,,0.0
Frischknecht Lasse,100.0,50.0,50.0,0.0,0.0,0.0,0.0,,,,,,,50.0,75.0,0.0,100.0,0.0,50.0
Grandi Davide,,0.0,0.0,,,0.0,,0.0,,,,0.0,,,,0.0,,,
Klaeser Valentin,50.0,0.0,0.0,0.0,,0.0,,0.0,100.0,0.0,,,,,,,0.0,0.0,33.0
Rudin Sebastian,70.0,45.0,60.0,61.0,77.0,75.0,40.0,30.0,25.0,20.0,33.0,14.0,100.0,33.0,50.0,50.0,85.0,75.0,66.0
Leuenberger Timon,0.0,,,,0.0,,0.0,,0.0,0.0,0.0,,0.0,0.0,0.0,0.0,0.0,0.0,0.0
Rusch David,0.0,100.0,0.0,0.0,0.0,66.0,50.0,0.0,100.0,0.0,50.0,50.0,25.0,0.0,100.0,25.0,100.0,100.0,
