SPIELER,19_08_31,19_09_01,19_09_14,19_09_21,19_10_20,19_10_27,19_11_02,19_11_16,19_11_24,19_12_07,19_12_14,19_12_21,20_01_12,20_01_19,20_01_26,20_02_08,20_02_15,20_02_23,20_03_01
van den Nobelen Robin,0,,0,0,0,0,0,,0,0,0,0,0,0,0,0,0,0,0
Lädrach Gregory,0,0,0,0,0,0,0,0,0,0,0,0,,,0,0,0,0,0
Baumann Joshua,0,4/4,6/7,0/1,3/3,0,0,4/4,0,2/2,2/3,1/1,3/4,0,2/2,0/1,2/4,0/1,5/5
Karlen Jean-Baptiste,,0,,0,0,0,,0,0,0,0,0,0,,0,,0,0,0
Neiger Dominic,1/1,0,0,0,0,0,,0,0,,0,0,0,0,0,0,0,0,0
Zilic Marko,,0,,0,0,0,,0,0,0,0,0,0,,0,,0,0,0
Schranz Louis,2/2,2/2,0,0,0,0,0,0,0,0,0,0,0,0,,,,,0
Aebi Fabian,0/1,,0,0,0,7/7,3/3,0,4/5,0,0,1/1,0,0/1,0,0,0,1/1,0
Marthaler Ivan,0,0,0,0,0,,0,0,0,0,0,0,0,0,0,0,0,0,
Roth Dominik,0,0,0,0,0,0,0,0,0,0,0,2/2,0,0,0,0,0,0,0
Dähler Nicolas,,,,,,,,,,0,,,,,,,,,0
Frischknecht Lasse,0,0,0,0/1,0,0,0,,,,,,,0,0,0,0,0,0
Grandi Davide,,0,0,,,0,,0,,,,0,,,,0,,,
Klaeser Valentin,0,0,0,0,,0,,0,0,0,,,,,,,0,0,0
Rudin Sebastian,0,0,0,0,0,0,0,0,0,0,0,0,0,0,0,0,0,0,0
Leuenberger Timon,0,,,,0,,0,,0,0,0,,0,0,0,0,0,0,0
Rusch David,0,0,0,0,0,0,0,0,0,0,0,0,0,0,0,0,0,0,
