SPIELER,19_08_31,19_09_01,19_09_14,19_09_21,19_10_20,19_10_27,19_11_02,19_11_16,19_11_24,19_12_07,19_12_14,19_12_21,20_01_12,20_01_19,20_01_26,20_02_08,20_02_15,20_02_23,20_03_01
van den Nobelen Robin,0.0,,1.0,0.0,0.0,1.0,0.0,,1.0,0.0,1.0,1.0,0.0,1.0,0.0,0.0,0.0,0.0,2.0
Lädrach Gregory,3.0,7.0,1.0,2.0,4.0,3.0,2.0,5.0,3.0,4.0,6.0,4.0,,,2.0,7.0,1.0,4.0,2.0
Baumann Joshua,3.0,2.0,3.0,1.0,7.0,6.0,7.0,0.0,4.0,4.0,2.0,2.0,1.0,5.0,2.0,3.0,4.0,1.0,2.0
Karlen Jean-Baptiste,,3.0,,2.0,3.0,3.0,,2.0,1.0,4.0,3.0,4.0,0.0,,6.0,,2.0,5.0,2.0
Neiger Dominic,0.0,0.0,0.0,0.0,0.0,0.0,,0.0,0.0,,0.0,1.0,1.0,0.0,0.0,1.0,0.0,2.0,0.0
Zilic Marko,,0.0,,0.0,0.0,0.0,,0.0,0.0,0.0,1.0,0.0,0.0,,0.0,,0.0,0.0,1.0
Schranz Louis,1.0,2.0,2.0,3.0,3.0,0.0,2.0,6.0,0.0,1.0,2.0,1.0,2.0,0.0,,,,,3.0
Aebi Fabian,0.0,,1.0,0.0,0.0,0.0,1.0,0.0,3.0,1.0,0.0,0.0,3.0,1.0,1.0,1.0,0.0,2.0,0.0
Marthaler Ivan,0.0,0.0,0.0,0.0,0.0,,0.0,1.0,0.0,1.0,2.0,1.0,0.0,1.0,0.0,1.0,1.0,0.0,
Roth Dominik,0.0,4.0,1.0,2.0,1.0,1.0,1.0,2.0,2.0,1.0,0.0,1.0,3.0,1.0,0.0,0.0,1.0,1.0,0.0
Dähler Nicolas,,,,,,,,,,0.0,,,,,,,,,1.0
Frischknecht Lasse,2.0,0.0,0.0,1.0,1.0,0.0,0.0,,,,,,,0.0,0.0,0.0,0.0,0.0,3.0
Grandi Davide,,0.0,1.0,,,0.0,,0.0,,,,0.0,,,,0.0,,,
Klaeser Valentin,1.0,2.0,0.0,1.0,,3.0,,1.0,0.0,1.0,,,,,,,0.0,3.0,1.0
Rudin Sebastian,3.0,2.0,4.0,5.0,5.0,2.0,7.0,4.0,5.0,5.0,2.0,4.0,3.0,1.0,2.0,4.0,1.0,2.0,2.0
Leuenberger Timon,0.0,,,,0.0,,0.0,,0.0,1.0,0.0,,0.0,0.0,0.0,0.0,0.0,1.0,0.0
Rusch David,3.0,0.0,0.0,3.0,1.0,2.0,1.0,0.0,1.0,1.0,3.0,2.0,2.0,3.0,0.0,2.0,0.0,0.0,
