SPIELER,18_09_01,18_09_08,18_09_15,18_09_22,18_10_06,18_10_13,18_11_04,18_11_11,18_11_17,18_11_24,18_12_02,18_12_08,18_12_15,19_01_26,19_02_02,19_02_09,19_02_17,19_02_22,19_03_02,19_03_16,19_03_23,19_03_30,19_04_03,19_04_16,19_04_27,19_05_04
Wyss Dominique,0.0,0.0,0.0,0.0,0.0,0.0,0.0,,,,,,,,,,,,,,,,,,,
Kocher Roman,0.0,,0.0,,0.0,,0.0,0.0,0.0,0.0,0.0,0.0,0.0,0.0,0.0,0.0,0.0,0.0,0.0,100.0,0.0,0.0,,,,
Baumgartner Serafin,20.0,100.0,33.0,0.0,0.0,50.0,33.0,0.0,,,0.0,,0.0,66.0,50.0,,100.0,0.0,66.0,,,,,,,
Rathgeb Thomas,,,,,,,75.0,25.0,0.0,0.0,0.0,44.0,71.0,60.0,42.0,40.0,66.0,66.0,66.0,25.0,50.0,50.0,33.0,,0.0,50.0
Christinat Joël,46.0,62.0,11.0,14.0,50.0,58.0,52.0,50.0,69.0,55.0,50.0,30.0,42.0,44.0,25.0,16.0,0.0,50.0,25.0,40.0,75.0,83.0,20.0,50.0,50.0,72.0
Drollinger Yannick,66.0,0.0,0.0,80.0,0.0,0.0,100.0,,0.0,0.0,25.0,,100.0,100.0,0.0,100.0,33.0,,100.0,100.0,0.0,0.0,0.0,0.0,100.0,50.0
Zuege Tim,,,,,,,,,,,,,,,,,,,,,,,,0.0,,0.0
Scheidegger Roman,100.0,,0.0,100.0,72.0,42.0,0.0,50.0,0.0,50.0,37.0,0.0,100.0,,,0.0,0.0,0.0,100.0,0.0,0.0,50.0,100.0,16.0,0.0,60.0
Chernov Ivan,,,,,,,,,,,,,,,,,,,,,,,,55.0,60.0,
Stebler Urs,0.0,0.0,80.0,80.0,50.0,60.0,50.0,85.0,25.0,50.0,87.0,0.0,50.0,50.0,100.0,0.0,,0.0,50.0,100.0,0.0,76.0,50.0,,,83.0
Karlen Janes,,,,,,,,,,,,,,,,,,,,,,,50.0,,,25.0
Kiener Lars,0.0,,12.0,66.0,50.0,0.0,100.0,0.0,,,,,,0.0,100.0,33.0,,,,75.0,,100.0,100.0,0.0,100.0,
Sorgen Janick,57.0,81.0,80.0,71.0,100.0,60.0,50.0,0.0,50.0,50.0,66.0,71.0,50.0,75.0,60.0,80.0,50.0,62.0,66.0,75.0,0.0,0.0,75.0,100.0,,
Manse Cedric,0.0,25.0,25.0,66.0,66.0,,,,40.0,,,20.0,37.0,83.0,50.0,50.0,90.0,80.0,81.0,50.0,58.0,,88.0,,,
Zwahlen Thomas,,,,,,,0.0,60.0,100.0,0.0,66.0,60.0,50.0,,,,,,,,,,,,,
Hunziker Simon,,,,0.0,,0.0,,0.0,0.0,0.0,0.0,0.0,0.0,0.0,0.0,0.0,0.0,0.0,0.0,0.0,0.0,0.0,0.0,,,
Eggenberger Nick,,,,,,,,,,,,,,,,,,,,,,,,,0.0,
Schwab Yannick,,,,,100.0,0.0,100.0,75.0,0.0,100.0,,0.0,,,,,0.0,100.0,,,71.0,,,100.0,75.0,50.0
Stettler Ramon,,0.0,,,,,,,,,,,,,,,,,,,,,0.0,0.0,0.0,100.0
Meier Aaron,0.0,0.0,20.0,50.0,,0.0,,,,0.0,0.0,,,0.0,,,,,,,,0.0,,100.0,0.0,0.0
Lutz Nico,100.0,100.0,33.0,100.0,100.0,50.0,0.0,100.0,0.0,100.0,75.0,0.0,66.0,,,0.0,66.0,100.0,100.0,0.0,100.0,60.0,75.0,100.0,0.0,75.0
Lory Elias,50.0,,,25.0,25.0,25.0,,0.0,,71.0,0.0,,,,50.0,,,,,,,,,0.0,62.0,0.0
Guignet Damien,,0.0,,,,,,,,,,,,,,,,,,,,,,,,
Felder Gabriel,66.0,20.0,,,,,,,,,,75.0,,0.0,53.0,0.0,33.0,57.0,66.0,,57.0,,,,,
Giovanelli Marco,,75.0,,,,,,,0.0,,,0.0,0.0,66.0,33.0,42.0,0.0,75.0,25.0,83.0,50.0,,0.0,57.0,33.0,80.0
Gruber Nino,,33.0,0.0,100.0,60.0,100.0,100.0,75.0,71.0,60.0,80.0,60.0,85.0,80.0,100.0,0.0,50.0,100.0,100.0,42.0,80.0,85.0,66.0,60.0,78.0,66.0
