SPIELER,18_09_01,18_09_08,18_09_15,18_09_22,18_10_06,18_10_13,18_11_04,18_11_11,18_11_17,18_11_24,18_12_02,18_12_08,18_12_15,19_01_26,19_02_02,19_02_09,19_02_17,19_02_22,19_03_02,19_03_16,19_03_23,19_03_30,19_04_03,19_04_16,19_04_27,19_05_04
Wyss Dominique,0.0,0.0,0.0,0.0,0.0,0.0,0.0,,,,,,,,,,,,,,,,,,,
Kocher Roman,0.0,,0.0,,0.0,,0.0,0.0,0.0,0.0,0.0,0.0,0.0,0.0,0.0,0.0,0.0,0.0,0.0,0.0,0.0,0.0,,,,
Baumgartner Serafin,0.0,0.0,0.0,0.0,0.0,0.0,0.0,0.0,,,0.0,,0.0,0.0,0.0,,0.0,0.0,0.0,,,,,,,
Rathgeb Thomas,,,,,,,0.0,0.0,0.0,1.0,0.0,0.0,0.0,1.0,0.0,0.0,0.0,0.0,1.0,1.0,1.0,1.0,0.0,,0.0,0.0
Christinat Joël,0.0,0.0,1.0,0.0,0.0,0.0,1.0,0.0,0.0,0.0,0.0,0.0,0.0,0.0,1.0,0.0,0.0,0.0,1.0,0.0,0.0,1.0,1.0,1.0,1.0,0.0
Drollinger Yannick,0.0,0.0,0.0,1.0,0.0,0.0,0.0,,0.0,0.0,0.0,,0.0,0.0,0.0,0.0,0.0,,1.0,0.0,0.0,0.0,0.0,0.0,0.0,0.0
Zuege Tim,,,,,,,,,,,,,,,,,,,,,,,,0.0,,0.0
Scheidegger Roman,0.0,,0.0,0.0,0.0,0.0,0.0,0.0,0.0,0.0,0.0,0.0,0.0,,,0.0,0.0,0.0,0.0,0.0,0.0,0.0,1.0,0.0,0.0,0.0
Chernov Ivan,,,,,,,,,,,,,,,,,,,,,,,,0.0,0.0,
Stebler Urs,0.0,0.0,0.0,0.0,1.0,1.0,1.0,1.0,0.0,0.0,0.0,0.0,1.0,1.0,0.0,0.0,,0.0,0.0,1.0,0.0,0.0,0.0,,,1.0
Karlen Janes,,,,,,,,,,,,,,,,,,,,,,,0.0,,,0.0
Kiener Lars,0.0,,0.0,0.0,0.0,0.0,0.0,0.0,,,,,,0.0,0.0,0.0,,,,0.0,,0.0,1.0,0.0,0.0,
Sorgen Janick,1.0,1.0,1.0,1.0,0.0,1.0,0.0,0.0,1.0,1.0,0.0,0.0,0.0,0.0,1.0,1.0,1.0,0.0,0.0,0.0,0.0,0.0,0.0,0.0,,
Manse Cedric,0.0,0.0,0.0,0.0,0.0,,,,0.0,,,0.0,0.0,0.0,0.0,0.0,0.0,1.0,0.0,1.0,1.0,,0.0,,,
Zwahlen Thomas,,,,,,,0.0,0.0,0.0,0.0,0.0,0.0,0.0,,,,,,,,,,,,,
Hunziker Simon,,,,0.0,,0.0,,0.0,0.0,0.0,0.0,0.0,0.0,0.0,0.0,0.0,0.0,0.0,0.0,0.0,0.0,0.0,0.0,,,
Eggenberger Nick,,,,,,,,,,,,,,,,,,,,,,,,,0.0,
Schwab Yannick,,,,,1.0,0.0,0.0,0.0,1.0,0.0,,0.0,,,,,1.0,0.0,,,1.0,,,1.0,0.0,0.0
Stettler Ramon,,0.0,,,,,,,,,,,,,,,,,,,,,0.0,0.0,0.0,0.0
Meier Aaron,1.0,0.0,0.0,0.0,,0.0,,,,0.0,1.0,,,1.0,,,,,,,,0.0,,0.0,1.0,1.0
Lutz Nico,1.0,0.0,0.0,0.0,0.0,0.0,0.0,0.0,0.0,0.0,0.0,0.0,1.0,,,0.0,0.0,1.0,0.0,0.0,0.0,0.0,0.0,0.0,0.0,0.0
Lory Elias,0.0,,,0.0,0.0,0.0,,0.0,,0.0,0.0,,,,0.0,,,,,,,,,0.0,0.0,0.0
Guignet Damien,,0.0,,,,,,,,,,,,,,,,,,,,,,,,
Felder Gabriel,0.0,0.0,,,,,,,,,,0.0,,0.0,0.0,1.0,0.0,0.0,0.0,,0.0,,,,,
Giovanelli Marco,,1.0,,,,,,,1.0,,,0.0,0.0,0.0,0.0,0.0,0.0,0.0,0.0,0.0,0.0,,0.0,0.0,0.0,0.0
Gruber Nino,,0.0,0.0,0.0,1.0,1.0,0.0,1.0,0.0,1.0,1.0,0.0,0.0,0.0,0.0,0.0,0.0,0.0,0.0,0.0,0.0,0.0,0.0,1.0,1.0,0.0
