SPIELER,21_09_04,21_09_12,21_09_19,21_09_25,21_10_17,21_10_23,21_10_31,21_11_20,21_11_28,21_12_04,21_12_11,21_12_18,22_01_08,22_01_16,22_01_23,22_02_05,22_02_26,22_03_05,22_03_13,22_03_19,22_04_02,22_04_09,22_04_10,22_04_23,22_04_30,22_05_01
MARTHALER Wanja,,,0.0,37.0,66.0,50.0,66.0,0.0,33.0,66.0,0.0,100.0,,16.0,0.0,66.0,75.0,60.0,0.0,100.0,50.0,0.0,,100.0,0.0,66.0
DÄHLER Nicolas,83.0,100.0,50.0,100.0,66.0,25.0,0.0,0.0,50.0,50.0,,80.0,100.0,66.0,,,,,,,,,,0.0,66.0,0.0
VON ALLMEN Ramon,,,,,,,,,,,,,,,,,0.0,,,,,,,,,
LICARI Noah,0.0,,,0.0,,0.0,,,,,,,,,,,,,,,,,,,,
ZIMMER Fabrice,33.0,0.0,,0.0,,0.0,,0.0,,,,100.0,100.0,50.0,0.0,100.0,,100.0,,0.0,0.0,100.0,,50.0,50.0,0.0
GAGALICK Karl,0.0,,,,,,,,,,,0.0,,,,,,,,,,,,0.0,0.0,
DIETRICH Nils,,,,50.0,,,,,,,,,,,0.0,,,,,,,,,,,
RÖLLI Mael,,,,,,,,,,,,,,,,,,,,,,,50.0,,,
HODLER Fynn,,0.0,0.0,,0.0,0.0,0.0,0.0,0.0,0.0,50.0,,0.0,0.0,0.0,0.0,0.0,0.0,0.0,0.0,0.0,,,,,
WAHLEN Lukas,,,,,,,,,,,,,,,,,50.0,,,,,,0.0,,,
TSCHUMI Julian,,,,0.0,,,,,,,,,,,,,50.0,,,,,33.0,60.0,50.0,,
REUSSER Tamaro,,,,,,,,,,,,,,0.0,,,,,,,,0.0,0.0,,,0.0
CASPAR Simon,0.0,77.0,57.0,25.0,42.0,20.0,100.0,0.0,50.0,,33.0,66.0,0.0,50.0,0.0,0.0,,80.0,0.0,,,,,,50.0,0.0
FRISCHKNECHT Lasse,44.0,63.0,55.0,43.0,50.0,35.0,33.0,42.0,75.0,33.0,75.0,80.0,36.0,80.0,25.0,0.0,,,40.0,50.0,50.0,53.0,42.0,66.0,69.0,76.0
FREI Mael,0.0,0.0,0.0,,100.0,,0.0,66.0,,0.0,0.0,0.0,100.0,,,,,0.0,100.0,100.0,0.0,,,0.0,0.0,100.0
LIECHTI Björn,83.0,75.0,71.0,50.0,100.0,0.0,40.0,0.0,50.0,100.0,0.0,25.0,71.0,66.0,57.0,16.0,37.0,20.0,71.0,50.0,75.0,25.0,,0.0,80.0,50.0
KARLEN Laurent,50.0,,100.0,42.0,,,83.0,,100.0,30.0,60.0,80.0,58.0,60.0,42.0,69.0,78.0,,37.0,70.0,,73.0,64.0,71.0,75.0,
CAVIEZEL Tim,0.0,,100.0,,0.0,,0.0,66.0,66.0,50.0,50.0,80.0,60.0,37.0,75.0,66.0,,0.0,25.0,100.0,100.0,75.0,60.0,,100.0,0.0
HAUDENSCHILD Luis,50.0,,0.0,0.0,0.0,100.0,0.0,0.0,0.0,50.0,0.0,0.0,,,50.0,0.0,33.0,50.0,0.0,,60.0,100.0,,,,
WABER Gian,53.0,71.0,55.0,,72.0,81.0,50.0,72.0,83.0,57.0,81.0,70.0,50.0,,,45.0,45.0,63.0,52.0,,72.0,,50.0,57.0,71.0,52.0
KNÖRI Niklas,50.0,40.0,100.0,,50.0,100.0,55.0,66.0,33.0,33.0,50.0,66.0,57.0,75.0,80.0,,,40.0,50.0,33.0,66.0,,50.0,75.0,50.0,100.0
BRAND Cédric,,,,,,,,,,,,,,,,,,,,,,,,,,0.0
LEUENBERGER Timon,,0.0,0.0,0.0,0.0,,0.0,0.0,0.0,0.0,0.0,50.0,0.0,0.0,0.0,0.0,0.0,0.0,,0.0,0.0,0.0,0.0,0.0,0.0,0.0
