SPIELER,21_09_04,21_09_12,21_09_19,21_09_25,21_10_17,21_10_23,21_10_31,21_11_20,21_11_28,21_12_04,21_12_11,21_12_18,22_01_08,22_01_16,22_01_23,22_02_05,22_02_26,22_03_05,22_03_13,22_03_19,22_04_02,22_04_09,22_04_10,22_04_23,22_04_30,22_05_01
MARTHALER Wanja,,,0.0,2.0,0.0,1.0,1.0,0.0,1.0,1.0,1.0,2.0,,3.0,0.0,3.0,2.0,7.0,0.0,1.0,3.0,0.0,,0.0,0.0,2.0
DÄHLER Nicolas,1.0,2.0,1.0,3.0,0.0,4.0,3.0,3.0,2.0,0.0,,2.0,0.0,0.0,,,,,,,,,,0.0,1.0,0.0
VON ALLMEN Ramon,,,,,,,,,,,,,,,,,1.0,,,,,,,,,
LICARI Noah,0.0,,,0.0,,0.0,,,,,,,,,,,,,,,,,,,,
ZIMMER Fabrice,0.0,0.0,,0.0,,0.0,,1.0,,,,0.0,1.0,3.0,1.0,2.0,,1.0,,0.0,1.0,3.0,,0.0,1.0,0.0
GAGALICK Karl,0.0,,,,,,,,,,,0.0,,,,,,,,,,,,0.0,0.0,
DIETRICH Nils,,,,0.0,,,,,,,,,,,0.0,,,,,,,,,,,
RÖLLI Mael,,,,,,,,,,,,,,,,,,,,,,,1.0,,,
HODLER Fynn,,1.0,0.0,,0.0,0.0,0.0,0.0,2.0,0.0,0.0,,0.0,0.0,0.0,1.0,1.0,0.0,0.0,0.0,0.0,,,,,
WAHLEN Lukas,,,,,,,,,,,,,,,,,0.0,,,,,,0.0,,,
TSCHUMI Julian,,,,0.0,,,,,,,,,,,,,0.0,,,,,1.0,0.0,1.0,,
REUSSER Tamaro,,,,,,,,,,,,,,0.0,,,,,,,,0.0,0.0,,,0.0
CASPAR Simon,0.0,2.0,2.0,0.0,1.0,0.0,0.0,0.0,2.0,,0.0,0.0,1.0,1.0,1.0,0.0,,1.0,0.0,,,,,,0.0,0.0
FRISCHKNECHT Lasse,1.0,4.0,0.0,2.0,2.0,4.0,1.0,3.0,2.0,2.0,3.0,2.0,4.0,1.0,3.0,1.0,,,0.0,0.0,1.0,3.0,1.0,3.0,3.0,6.0
FREI Mael,0.0,0.0,0.0,,1.0,,1.0,1.0,,0.0,0.0,0.0,0.0,,,,,1.0,0.0,0.0,1.0,,,0.0,0.0,2.0
LIECHTI Björn,3.0,2.0,1.0,1.0,1.0,4.0,0.0,4.0,3.0,3.0,2.0,4.0,0.0,1.0,6.0,0.0,2.0,4.0,1.0,4.0,3.0,1.0,,3.0,2.0,2.0
KARLEN Laurent,0.0,,2.0,1.0,,,3.0,,0.0,4.0,1.0,1.0,1.0,4.0,2.0,6.0,5.0,,1.0,4.0,,7.0,3.0,5.0,2.0,
CAVIEZEL Tim,4.0,,5.0,,1.0,,2.0,3.0,1.0,2.0,2.0,2.0,8.0,4.0,5.0,1.0,,4.0,0.0,0.0,0.0,3.0,2.0,,4.0,2.0
HAUDENSCHILD Luis,0.0,,0.0,2.0,0.0,0.0,2.0,0.0,1.0,0.0,2.0,1.0,,,1.0,0.0,5.0,1.0,0.0,,0.0,4.0,,,,
WABER Gian,5.0,2.0,2.0,,1.0,3.0,5.0,7.0,6.0,3.0,2.0,1.0,1.0,,,2.0,1.0,3.0,1.0,,3.0,,1.0,2.0,1.0,0.0
KNÖRI Niklas,0.0,0.0,2.0,,2.0,2.0,0.0,1.0,0.0,3.0,2.0,0.0,0.0,1.0,0.0,,,4.0,2.0,0.0,0.0,,1.0,0.0,1.0,2.0
BRAND Cédric,,,,,,,,,,,,,,,,,,,,,,,,,,0.0
LEUENBERGER Timon,,0.0,0.0,0.0,0.0,,0.0,0.0,0.0,0.0,0.0,0.0,0.0,1.0,0.0,0.0,0.0,0.0,,0.0,0.0,0.0,0.0,0.0,0.0,0.0
