SPIELER,18_09_01,18_09_08,18_09_15,18_09_22,18_10_13,18_11_03,18_11_17,18_11_24,18_12_01,18_12_08,18_12_15,19_01_19,19_01_27,19_02_02,19_02_09,19_02_16,19_03_02,19_03_03,19_03_16,19_03_23,19_03_31,19_04_06
Wyss Dominique,0.0,,,,,,,,,,,,,,,,,,,,,
Kocher Roman,,0.0,0.0,0.0,0.0,0.0,,,0.0,,,0.0,0.0,0.0,,,0.0,0.0,,,,
Lindner Jorden,33.0,66.0,46.0,72.0,45.0,100.0,58.0,66.0,75.0,50.0,63.0,16.0,75.0,60.0,33.0,62.0,,72.0,,44.0,37.0,
Kuster Alain,0.0,,100.0,0.0,,,50.0,50.0,60.0,,0.0,0.0,0.0,0.0,62.0,,33.0,66.0,75.0,66.0,,
Antonietti Claudio,0.0,0.0,0.0,,0.0,50.0,0.0,25.0,50.0,0.0,100.0,75.0,50.0,75.0,25.0,75.0,,50.0,,,100.0,22.0
Hug Sascha,,0.0,100.0,33.0,0.0,,0.0,0.0,,0.0,0.0,,0.0,0.0,100.0,,0.0,33.0,,0.0,0.0,0.0
Kuster Noël,,,,,,,,,,,,,,,50.0,,,,50.0,,,
Chernov Ivan,50.0,,,,20.0,50.0,40.0,37.0,100.0,,75.0,41.0,60.0,70.0,,50.0,,,,57.0,,
Ruef Mauro,100.0,75.0,57.0,75.0,0.0,83.0,50.0,50.0,100.0,60.0,100.0,37.0,25.0,50.0,,50.0,,75.0,,,81.0,
Christen Keanu,,,,,,,,,,,,,,,,,,,0.0,0.0,,25.0
Fassmann Cyril,0.0,0.0,0.0,20.0,,,,,,,,,,,,100.0,33.0,33.0,60.0,0.0,57.0,
Meier Joris,50.0,83.0,75.0,62.0,41.0,40.0,28.0,20.0,40.0,33.0,66.0,62.0,66.0,40.0,,50.0,31.0,66.0,57.0,50.0,37.0,
Stettler Tim,50.0,0.0,100.0,0.0,0.0,0.0,33.0,50.0,66.0,33.0,,,,,,,,,,,,
Marti Rouven,,,,,,,,,,,,,,,,,,,33.0,,,
Gerber Alain,,,,,,,,,,0.0,0.0,,,,0.0,0.0,0.0,0.0,0.0,0.0,0.0,
Seiler Dario,,,,,,,,,,,,,,,,,,,,,,20.0
Stettler Nils,50.0,0.0,0.0,,,0.0,66.0,,50.0,0.0,0.0,0.0,0.0,,25.0,50.0,50.0,66.0,83.0,60.0,33.0,15.0
Wolf Patrick,,,,0.0,,0.0,,,25.0,,,100.0,,,,100.0,50.0,66.0,100.0,,,60.0
Kuonen Till,,,0.0,50.0,0.0,,0.0,0.0,,100.0,,,0.0,,0.0,,,,,,,
Stettler Jan,,0.0,,,,,,,,0.0,50.0,0.0,,40.0,30.0,,50.0,50.0,12.0,33.0,,
Schwab Yannick,66.0,100.0,,100.0,77.0,75.0,,,83.0,,87.0,60.0,33.0,60.0,,75.0,,,,,50.0,
Brenzikofer André,,,,,,,0.0,0.0,,,,,,,,,,,,,,
Schöni Gregory,,,100.0,40.0,0.0,33.0,33.0,0.0,50.0,0.0,100.0,33.0,40.0,0.0,60.0,42.0,50.0,100.0,57.0,75.0,75.0,33.0
Neuenschwander Dominic,0.0,0.0,,66.0,0.0,0.0,50.0,0.0,,100.0,,,,,,100.0,50.0,50.0,60.0,0.0,0.0,100.0
Zuege Tim,0.0,0.0,0.0,0.0,0.0,0.0,0.0,0.0,0.0,0.0,0.0,0.0,0.0,0.0,0.0,0.0,0.0,,0.0,0.0,0.0,0.0
Recher Jan,,,,,,,,,,,,,,80.0,60.0,100.0,,,0.0,66.0,25.0,60.0
Kiener Lars,77.0,0.0,33.0,,80.0,33.0,,20.0,75.0,44.0,80.0,60.0,50.0,83.0,,,,,,,,
